683: 677,702,204,148,762,373
511: 3,22,21,2,592,653
2: 21,414,409,3,511
3: 22,333,511,409,379,2
744: 339,502,458,457
684: 685,426,631,79,696,662
722: 223,666,207,679,222,239,240
759: 176,742,705,627,687,467,727
566: 503,770,763,162,106,745
766: 718,728,533,293,291,279
618: 
596: 657,749,650,725,346,185
699: 448,327,389,18,707
726: 300,276,640,600,732,275
615: 700,102,52,422,23
605: 677,702,349,768,769,730
16: 754,514,431,25,368,54
487: 585,547,159,216,727,721,197
18: 418,61,525,448,699,707
19: 707,316,525,367,558,47
592: 49,626,21,511,50,653
21: 2,414,367,511,592,49
22: 3,333,511,422,653,23
23: 653,37,22,422,615
461: 128
25: 370,422,368,16,700,54
653: 50,37,23,22,511,592
457: 744,339,502,442
725: 472,408,650,359,446,596,749
543: 634,753,765,669,658,512,231
475: 709,735,617,154,743,761
586: 622,737,739,640,476,275
449: 372,405,393,202,538,440
686: 548,43,444,428,397,608,88
740: 311,310,638
638: 310,740
685: 684,78,77,426,696,95
37: 50,653,23,102,713,649
696: 662,546,492,684,685,78
558: 534,47,19,367,64,49
40: 71,54,69,608,514,444
771: 627,117,756,118,764
706: 735,617,80
43: 686,428,397,459,424
709: 475,738,705,743,742
698: 216,217,197,746,512,510
498: 499,732,583
47: 534,79,558,525,19,62
660: 287,708,354,376,427
49: 64,592,626,21,367,558
50: 653,37,592,626,66,713
742: 176,671,759,709,705,157,743
52: 700,102,615,69,587
679: 722,223,666,187,750,222,353
54: 40,69,25,16,514,700
492: 696,546,78,80,133,97,665
627: 705,117,771,585,764,759,727
510: 658,746,512,695,698,217,559
58: 616,491,387,424,91
59: 60,631,432,398,433,426
60: 631,62,59,348,61,398
61: 418,18,525,348,60,62
62: 60,631,61,525,79,47
753: 543,634,765,669
64: 49,626,534,558,65,98
65: 662,546,534,64,98
66: 98,694,692,626,50,713
513: 
755: 106,745,89
69: 71,54,40,700,52,587
761: 743,191,154,475,170
71: 40,69,608,607,105
658: 746,512,510,695,543,564,231
677: 683,702,204,605,768,483
523: 419
645: 503,724,763,160,143,199
76: 748,433,769,432,452,349
77: 685,426,113,748
78: 685,696,492,131,95,665
79: 534,47,631,62,684,662
80: 694,546,492,97,706,735,617
626: 64,592,49,50,98,66
478: 362,497,389,415
746: 658,512,510,698
655: 199,540,218,179,654,568
476: 640,715,624,229,227,765,622,586
752: 128
546: 696,662,65,492,80
88: 106,89,608,548,686,428,105
89: 106,745,88,755,428,616
616: 58,491,745,89,181
91: 703,391,387,335,58,491
600: 640,624,726,263
458: 502,429,369,744,392
634: 543,753,669,176,467,512
95: 131,483,685,78,113
748: 76,433,768,769,77,113
97: 133,492,80
98: 66,694,64,626,65
99: 117,692,100,756,562,735,738
100: 542,713,649,756,692,99
597: 180,181,345,625,681,453
102: 615,52,37,542,649,561,486,587
491: 58,616,703,91,181,345
750: 675,170,187,666,208,679
105: 162,142,607,71,608,88
106: 745,88,89,755,162,566
624: 640,600,476,715,535,553,231
731: 741,136,227,157,671,211,669
737: 586,739,242,648,499,732,275
614: 721,217,197,143,179,198
453: 435,456,597,345,681,693
525: 18,61,707,19,62,47
113: 77,748,768,483,95
483: 131,95,768,113,677,204
681: 597,180,453,384,693,538
691: 486,581,547,118,633
117: 705,627,99,771,756,738
118: 764,542,756,691,486,771
751: 412,202,436,372,443
120: 160,633,159,162,142,763
503: 566,724,645,770,763
454: 421,317
460: 620,533,340,462,279,305
769: 748,76,768,349,605
607: 142,105,71,587,581
673: 553,733,263,718,728,647
700: 615,52,25,422,54,69
128: 752,461
657: 596,148,749,373,314,185
130: 757,730,446,702,148,760,749
131: 483,152,758,95,78,665
561: 486,102
133: 97,603,665,154,492,617
758: 131,152,204,149
583: 498,499,736,394,330,287
136: 731,741,157,191,210,208
708: 287,660,330,306
620: 460,533,647,340,266,355
540: 655,218,767,654,356
713: 100,649,50,37,66,692
668: 559,198,714,590,568
142: 162,607,105,581,120,633
143: 614,721,179,160,645,199
764: 585,118,627,771
661: 664,417
767: 384,393,540,218,356
533: 460,620,647,728,766,279
148: 657,749,130,683,702,373
149: 205,723,204,152,758,762,169
705: 627,117,709,738,742,759
570: 654,590,324,356,496,365
152: 131,758,603,665,149,723,675
688: 268
154: 133,603,475,617,170,761
456: 435,453,319,474,693,436
548: 686,428,608,88
157: 743,191,742,671,731,136
564: 553,733,231,658,695,250
159: 160,120,633,487,547,721
160: 120,159,645,763,721,143
770: 566,503,724,745,625
162: 142,105,106,120,566,763
648: 499,737
467: 216,687,727,176,759,634,512
568: 654,590,179,655,668,198
494: 408,320
451: 430,324,365,378
665: 133,603,78,492,131,152
169: 762,373,314,149,205,388
170: 675,750,154,191,761,208
666: 210,722,223,207,208,679,750
672: 330,404,306,674
608: 71,40,548,686,444,105,88
625: 597,180,181,745,724,770
712: 664,401,450
176: 742,671,759,467,634,669
736: 394,259,499,583
674: 395,306,672
179: 614,143,655,199,198,568
180: 597,625,681,724,218,384
181: 597,345,625,745,616,491
531: 
735: 475,562,706,617,738,80,694,99
669: 543,634,753,211,765,176,671,731,227
185: 346,336,596,657,337
707: 19,316,699,327,18,525
187: 205,723,675,750,353,679
559: 668,198,217,510,695
727: 216,687,467,627,585,487,759
733: 553,564,673,250,266,647
191: 157,743,761,170,208,136
486: 691,561,587,581,102,542,118
718: 263,728,766,673,276,291
724: 503,645,770,180,625,199,218
694: 98,80,66,692,562,735
633: 120,159,691,581,142,547
197: 614,721,217,487,216,698
198: 559,668,614,217,179,568
199: 655,218,724,645,143,179
590: 570,654,568,668,714,496
738: 709,562,735,705,117,99
202: 693,436,538,751,372,449
542: 100,649,756,102,486,118
204: 677,683,483,758,762,149
205: 187,149,169,353,388
553: 733,564,231,673,624,263
207: 210,722,666,747,565,240
208: 210,666,170,750,191,136
711: 682,445,371,357,757
210: 666,207,208,741,136,747
211: 669,731,227
739: 622,737,586,747,565,242
514: 754,16,351,54,40,444
747: 741,210,207,565,622,739
664: 712,450,661,417,425
216: 698,467,727,487,197,512
217: 614,197,698,510,559,198
218: 655,199,540,724,180,384,767
695: 658,510,559,564,250
496: 344,390,365,714,570,590
649: 100,542,713,37,102
222: 353,411,722,223,679,239
223: 722,666,679,222
631: 60,62,59,79,684,426
762: 373,169,683,204,149
534: 79,558,47,64,662,65
227: 731,741,211,765,669,622,476
703: 391,315,91,491,345,435
229: 476,765
585: 487,547,764,627,727
231: 553,564,543,658,535,624
743: 157,191,761,709,475,742
730: 130,757,357,349,702,605
547: 585,487,691,633,159
714: 668,590,281,344,496
682: 711,445,343,466,446,359
462: 341,460,340,366,410
687: 467,727,759
239: 544,255,222,411,722,240
240: 565,383,722,207,544,239
544: 270,255,239,383,240,350,382
242: 565,383,737,739,259,499
617: 475,706,735,80,133,154
745: 106,89,755,616,566,770,181,625
502: 431,442,429,458,744,457
497: 478,362,401
452: 334,349,329,76
587: 486,581,102,52,69,607
662: 696,546,65,534,79,684
250: 281,266,695,733,564
768: 748,769,113,677,605,483
459: 313,441,397,43,402
535: 624,231
721: 614,197,143,487,160,159
255: 270,544,239,411,399,644,350
763: 566,503,645,162,160,120
728: 718,766,673,533,647
741: 731,136,747,227,210,622
259: 736,394,447,383,242,382,499
644: 331,399,255,455,350
650: 725,596,320,346
749: 596,148,657,760,130,446,725
263: 718,600,553,673,276
754: 16,514,431,442,351
760: 749,130,446
266: 250,281,355,733,620,647
499: 498,648,583,242,737,736,259
268: 563,688
693: 202,436,538,681,453,456
270: 544,255,350
581: 691,486,587,142,607,633
715: 640,476,624
466: 682,445,343
474: 319,315,419,435,456
275: 732,737,586,640,726
276: 300,726,263,718,309,291
562: 735,738,694,692,99
756: 100,542,117,99,771,118
279: 305,766,460,533,293,438
671: 176,742,157,731,669
281: 250,266,355,714,344
692: 66,694,100,713,562,99
702: 677,683,605,130,730,148
622: 586,739,741,747,227,476
565: 383,240,242,207,747,739
765: 543,753,669,227,476,229
287: 660,708,732,583,354
757: 130,730,446,357,711
450: 664,712
723: 187,149,152,675
291: 293,276,718,766,309,361
647: 620,533,733,673,266,728
293: 301,438,291,766,361,279
654: 570,590,568,655,540,356
512: 658,746,510,216,698,467,543,634
732: 308,498,275,737,300,726,287
675: 170,750,152,603,187,723
538: 202,693,681,384,393,449
455: 644,328,350
300: 726,276,308,732,354,309
301: 293,438,361,360,421
472: 725
563: 378,416,364,268
304: 423,438,305
305: 279,460,438,410,304
306: 395,427,674,708,672
640: 600,476,715,624,586,275,726
308: 732,300,354
309: 354,376,361,300,276,291
310: 638,740
311: 740
603: 133,665,154,152,675
313: 459,402,352
314: 373,169,657,337,388
315: 703,391,363,435,474
316: 707,19,327,385,414,367
317: 403,360,454
318: 441,322
319: 474,456,436,412
320: 494,408,650
321: 344,390,355,340,439,341
322: 441,351,442,318
323: 413,379,420,406,375
324: 356,440,570,365,451
325: 386,374
326: 407,409,385,415,413
327: 389,699,385,707,316
328: 350,455,377
329: 332,452
330: 358,394,583,708,672
331: 644
332: 432,398,386,329
333: 3,22,379,375,370,422
334: 357,452,349,396,371
335: 381,352,387,391,91
336: 346,185,337,338
337: 437,338,314,336,185
338: 437,337,336,399
339: 744,457
340: 460,620,355,321,341,462
341: 439,462,321,340,347
342: 392,375,429,370,368
343: 682,466,408,359
344: 390,496,321,714,281,355
345: 597,181,491,703,435,453
346: 336,185,650,596
347: 434,341,366
348: 386,418,61,398,60
349: 357,334,452,76,769,730,605
350: 328,382,644,270,544,255,455
351: 322,397,754,514,444
352: 335,313,387,402
353: 222,388,187,205,679
354: 309,376,308,300,287,660
355: 281,266,344,321,620,340
356: 324,440,540,393,767,570,654
357: 334,349,371,711,757,730
358: 330,404,394,377
359: 408,725,682,343,446
360: 403,317,376,361,301
361: 309,376,293,301,291,360
362: 478,497,415
363: 419,381,315
364: 405,563
365: 390,496,570,324,451,430
366: 410,462,347
367: 21,414,19,316,558,49
368: 370,25,342,431,429,16
369: 392,458
370: 25,422,368,342,375,333
371: 396,357,334,711,445
372: 405,449,202,751,443
373: 762,169,314,683,148,657
374: 386,325,418
375: 342,379,323,333,370
376: 354,309,361,660,403,360
377: 400,328,447,358
378: 563,416,405,451
379: 413,323,409,375,3,333
380: 419
381: 335,391,363
382: 350,544,383,259,447
383: 565,240,242,544,382,259
384: 393,767,180,681,218,538
385: 326,327,415,316,414
386: 374,325,348,332,398
387: 424,402,335,352,58,91
388: 353,169,314,205,437
389: 327,478,699
390: 344,496,321,365,430,439
391: 703,315,91,381,335
392: 342,369,429,458
393: 384,767,538,356,440,449
394: 736,259,447,583,358,330
395: 306,427,674
396: 371,334
397: 441,351,459,686,43,444
398: 432,332,386,348,60,59
399: 644,437,338,411,255
400: 377,404
401: 712,497
402: 387,424,313,459,352
403: 317,360,376,427
404: 358,400,672
405: 372,364,449,440,378
406: 420,323
407: 326,415
408: 359,725,343,494,320
409: 326,413,379,2,414,3
410: 366,462,305
411: 222,437,399,255,239
412: 751,319,436
413: 379,323,420,326,409
414: 21,2,367,409,385,316
415: 478,362,326,407,385
416: 378,563
417: 661,664,448,425
418: 18,61,448,374,348
419: 363,380,523,474
420: 406,413,323
421: 454,301,438
422: 370,25,22,333,23,700,615
423: 304
424: 387,402,43,428,58
425: 448,664,417
426: 684,685,77,631,59,433
427: 395,306,660,403
428: 548,686,43,424,88,89
429: 502,431,458,342,392,368
430: 451,390,365,439,434
431: 502,442,429,368,754,16
432: 332,398,59,76,433
433: 748,76,432,59,426
434: 347,430,439
435: 453,456,703,315,345,474
436: 202,693,456,319,412,751
437: 337,338,411,388,399
438: 293,301,279,305,421,304
439: 341,390,321,430,434
440: 324,356,393,405,449
441: 322,397,318,459
442: 502,431,457,754,322
443: 751,372
444: 686,514,351,397,40,608
445: 682,711,371,466
446: 130,757,682,359,725,760,749
447: 394,259,382,377
448: 699,425,417,418,18