957: 961,874,985,910,967,911
992: 952,984,923,460,421
396: 371,452
919: 445,960
913: 399,987,437,848,314,239
912: 
1013: 910,980,763,967,449
360: 986,376,797,354,454
966: 778
357: 605,349,343,371
618: 931,975
933: 809,861,985,947,333,581,486
408: 337,993,983,320,346
1015: 88,608,120,920,1005
805: 363,948,435,491,625,745
605: 357,349,896,343,446,993,359
1009: 845,922,447
487: 861,614,961
411: 353,388,928,399,437,832
19: 79,938,374
860: 367,886,79,895,205,804
950: 817,995,185,730
875: 878
23: 413,379,409
461: 372,364,378,319,443
910: 1007,1013,809,985,957,967
980: 1013,1005,424,882,763
457: 318,441,988,397
417: 448,450,425,418,389
877: 373,1000,204,892,842,349
426: 934,334,858
932: 946,975,381,315
449: 967,436,721,1013,763,384,393
686: 352,459,428,444,897
389: 327,418,417,425,323,401
366: 434,451,410
946: 932,878,975
371: 433,396,892,357,349
909: 422,991,1006,999,614,969
969: 614,900,1012,909,972,999
929: 442,852,54,368
362: 323,385,401,415,413,406
934: 426,334,858,433,452,768
991: 909,422,861,614
393: 384,453,449,436,380,378
1005: 1007,980,88,120,1015,424
793: 799
410: 340,434,366,438
916: 239,383,499,455,987,350
902: 998,227,990,905,512,355
50: 333,375,379,409,422
841: 973,846,982,857,324,803
52: 392,162,370
995: 817,960,950,320,730
54: 988,368,322,853,929
978: 773,455
1001: 1003,996,915,712
869: 384,453,941,948,345
945: 
406: 413,379,420,415,362
803: 324,885,846,841,365,416
368: 54,988,929,431,927,994
62: 325,386
989: 491,625,381,391,335
960: 817,995,919
349: 605,357,371,892,877,446
354: 907,797,300,376,403,360
867: 344,862
775: 944
400: 376,403,330,427,395
435: 805,363,491
345: 456,363,948,869,419
979: 326,117,1006,827,999
895: 327,418,79,374,860,367
446: 373,605,349,848,359
347: 365,390,416,434,462,430
421: 423,992,984,291
951: 176,705,901,154,626,585
948: 805,363,745,941,869,345
79: 19,938,398,374,895,860
1011: 804,921,842,1000,774
626: 154,414,870,117,951,585
432: 386,332
425: 407,417,448,389,401
893: 914,565,330,383,499
997: 802,832,847,675,157,928,1014
886: 860,367,935,798,205,976
361: 942,977,291
88: 608,920,1015,428,402,424,1005
350: 644,811,239,916,455,328
395: 358,376,400,377,317
359: 848,314,605,446,337,993
363: 805,948,435,794,345,419
458: 431,342,339,442,420
798: 886,935,154,675,976,901
911: 967,721,957,874,356,405
915: 497,1001,996
420: 369,415,458,342,406
952: 992,728,341,340,923
429: 431,342,994,375,370
963: 128
405: 372,436,721,911,356,440
382: 328,331,773,447
491: 989,625,315,805,435
874: 957,961,857,1004,911,356
440: 324,885,356,372,364,405
364: 461,372,885,440,451,443
624: 737,427,787,990,565,355,403
388: 353,411,774,373,1000,437
737: 624,355,321,403,300
614: 969,1012,909,991,861,487,961,1004
453: 393,869,456,380
920: 88,608,120,1015,918,581,162
424: 402,387,88,980,1005,882
1010: 444,897,397,318,351
355: 321,902,990,905,344,624,737
379: 413,406,23,342,50,409
117: 326,979,626,870,585,827
865: 996
994: 927,392,368,431,429
120: 920,1015,581,1002,809,1005
443: 461,364
454: 317,986,360
460: 923,992
990: 902,227,1008,624,787,355
409: 326,413,23,379,50,422,1006
433: 371,452,934,892,768
700: 927,392
128: 963
918: 392,351,444,162,608,920
809: 985,947,933,581,1002,120,1007,910
404: 358,773,394,922,377
811: 644,338,350,314,239
437: 399,913,373,388,411,848
794: 363,419
901: 705,951,798,154,675,157
967: 449,721,911,910,1013,957
367: 860,886,935,327,895,316
862: 973,846,668,867,981,344,964
944: 775
381: 391,932,989
668: 862,846,344,390,365
977: 361,291,423
846: 973,862,668,841,803,365
896: 605,343,993
802: 883,1008,832,997,847,881,914
380: 378,393,453
827: 695,585,972,999,979,117
848: 314,359,373,446,913,437
981: 905,512,344,964,695,862
705: 176,951,901,157,998,1014
413: 406,23,379,362,326,409
412: 202
1014: 998,227,789,157,705,997,847
154: 626,414,935,798,951,901
456: 345,453
387: 402,335,424,625,745,882
157: 675,705,901,997,1014
931: 618
385: 323,362,316,414,870
996: 1001,1003,865,915
907: 797,263,300,354,439,430
162: 581,486,370,918,392,52,920
773: 978,394,455,382,404,447
372: 461,364,405,436,440,378
434: 416,451,366,347,462,410
494: 
451: 416,434,366,885,364
1008: 802,883,847,227,990,914,565,787
356: 324,440,857,874,911,405
365: 347,846,668,803,416
842: 204,921,1011,877,1000
672: 
608: 88,920,1015,918,428,444
625: 491,989,335,387,745,805
712: 1001,1003
176: 705,951,695,585,998,512
383: 916,499,455,893,394
921: 204,842,962,398,804,1011
348: 332,962,329,938,398
346: 336,730,337,408,338
431: 429,458,442,368,994
445: 983,320,919
370: 486,162,429,392,52,375
402: 335,387,424,428,352,88
185: 336,730,950
1000: 373,877,842,1011,388,774
391: 381,313,352,335,989
922: 1009,447,404,377
398: 79,938,348,921,804
422: 909,991,1006,333,50,409
797: 907,263,354,974,360,728
486: 581,162,370,333,375,933
883: 802,1008,847,914
858: 332,962,934,426,768
419: 363,794,345
436: 449,721,393,372,405,378
414: 154,316,626,870,385,935
885: 324,803,440,364,416,451
942: 361,986
935: 367,886,798,154,316,414
861: 985,933,487,333,991,614,961
202: 412
378: 380,319,436,393,461,372
204: 892,768,921,842,962,877
205: 804,860,886,353,774,976
847: 802,883,1008,997,227,1014,914
845: 1009
900: 982,969,1012,972,999,964,973
353: 388,411,774,205,928,976
881: 399,987,802,832,499,914
358: 404,395,330,394
851: 
403: 400,624,737,427,300,354
938: 19,79,398,374,325,348,329
988: 54,368,397,457,927
407: 425,369,415,401
416: 434,451,803,885,365,347
927: 700,994,392,351,988,368,397
695: 585,827,972,176,512,981,964
799: 793
444: 428,1010,918,351,686,608
897: 1010,318,686,459
375: 50,429,342,486,370
923: 438,460,992,952
373: 877,446,1000,388,848,437
418: 327,895,389,417,374
227: 902,998,789,1014,990,1008,847
442: 929,339,431,458
447: 922,1009,382,773
585: 695,827,626,117,176,951
972: 695,827,999,900,969,964
914: 893,565,881,802,883,1008,847,499
730: 185,346,320,950,995
804: 205,1011,398,921,860,774
423: 421,977,971
941: 745,882,763,948,384,869
462: 430,341,347,434,340
778: 966
239: 916,314,987,913,811,350
430: 462,341,439,390,347,907,263
369: 420,415,339,407
394: 773,383,455,404,358
928: 675,353,411,832,997
745: 882,941,387,625,805,948
1004: 961,857,874,614,982,1012
497: 915
452: 433,934,334,396
947: 809,985,933
376: 400,395,354,317,360
993: 337,408,605,896,343,359
768: 204,892,934,858,962,433
459: 313,686,897
439: 321,390,907,300,430
721: 967,449,436,911,405
961: 957,874,1004,861,985,487,614
763: 882,941,980,1013,449,384
728: 952,984,797,263,341,974
390: 439,321,344,668,347,430
1007: 910,1005,809
644: 338,811,350,336,328
964: 981,695,972,900,973,862
962: 332,348,858,204,768,921
263: 907,797,430,341,728
817: 960,950,995
789: 998,227,1014
882: 745,941,763,387,424,980
499: 916,383,987,881,893,914
428: 444,352,686,88,608,402
878: 946,875
448: 417,425
581: 486,162,1002,120,920,809,933
781: 971,970
466: 
374: 19,79,938,325,450,418,895
924: 
352: 313,686,428,391,402,335
787: 624,1008,990,565
384: 393,869,941,763,449
415: 420,369,407,362,401,406
392: 700,927,918,994,52,351,162,370
386: 432,62,329
853: 441,322,54
1006: 909,422,979,409,999
351: 927,918,392,397,444,1010
565: 893,914,330,1008,624,427,787
870: 626,414,385,326,117
438: 923,410,340
832: 802,997,411,928,399,881
450: 417,325,374
401: 323,362,407,425,415,389
291: 361,977,309,984,421
399: 987,913,437,881,411,832
1012: 614,900,982,969,1004
857: 874,1004,982,841,324,356
512: 905,981,176,695,902,998
976: 675,205,886,798,353
675: 157,928,976,798,901,997
905: 512,981,344,902,355
455: 916,383,350,328,773,978,394
300: 907,354,737,439,403
892: 204,768,371,433,349,877
774: 353,388,205,804,1011,1000
427: 624,565,330,400,403
971: 781,970,423
852: 322,929
306: 
377: 404,395,922,317
777: 
309: 974,291
397: 988,457,927,351,1010
970: 781,971
441: 853,457
313: 352,459,391
314: 848,359,337,913,338,811,239
315: 932,491
316: 414,327,323,385,367,935
317: 454,395,376,377
318: 457,1010,897
319: 378,461
320: 983,445,408,995,730
321: 355,439,390,344,737
322: 852,853,54
323: 362,385,401,327,389,316
324: 803,885,356,440,857,841
325: 62,450,329,938,374
326: 979,117,409,413,870
327: 418,895,389,323,367,316
328: 331,382,644,350,455
329: 332,348,386,325,938
330: 893,565,427,358,400
331: 328,382
332: 348,858,962,329,432
333: 50,486,422,861,933
334: 934,426,452
335: 402,387,352,391,989,625
336: 185,346,644,338
337: 408,993,314,359,346,338
338: 644,811,337,314,346,336
339: 442,369,458
340: 410,462,341,952,438
341: 462,430,263,340,952,728
342: 429,458,420,379,375
343: 605,357,896,983,993
344: 905,867,981,862,668,355,321,390
973: 862,846,841,900,982,964
974: 309,986,797,984,728
975: 946,932,618
982: 900,1012,857,1004,973,841
983: 445,320,343,408
984: 992,728,974,291,421
985: 809,861,947,933,910,957,961
986: 974,360,454,942
987: 399,913,881,239,916,499
998: 902,227,789,1014,176,705,512
999: 827,972,979,909,1006,900,969
1002: 581,120,809
1003: 1001,996,712