957: 911,874,961,985,910,967
826: 154,626,414
396: 371,357,343
919: 960
913: 848,314,437,399,239,811
912: 
958: 259,978,382,447
360: 317,454,376,797,354,986
966: 778
357: 605,349,343,371,396
618: 931
933: 486,581,333,422,861,947
408: 337,983,993,320,730,346
888: 449,967,721,763,980,384
805: 363,435,625,345,491,948
605: 357,349,343,446,896,993,359
840: 905,981,902
487: 874,861,991,961,614
411: 353,388,437,928,399,832
19: 79,938,374,325,418,895
860: 367,886,79,895,804,205
950: 817,730,185
875: 878
23: 413,406,379,50,375,326
461: 372,364,378,443,412
910: 980,120,809,985,957,967
980: 763,910,120,882,888
457: 397,441,853,988
417: 450,448,374,425,418,389
877: 373,446,204,892,842,349
426: 934,334,452,432,851
932: 946,315,975
449: 888,721,393,384,436,405
686: 897,444,352,459,428,402
389: 327,418,417,323,401
366: 443,410
946: 932,878,975
371: 433,396,357
909: 422,861,409,991,979,969
969: 614,900,979,909,991,956,972
929: 431,852,322,54
362: 385,323,401,415,413,406
934: 426,452,858,433,768
956: 972,979,969
393: 453,384,449,436,380
698: 972,695,964
793: 799
410: 945,434,451,366
916: 455,383,499,987,350
902: 905,840,512,990,227,789
50: 333,375,23,326,422,409
841: 324,803,982,857,973,846
52: 486,162,392,700,918,370
679: 802,881,928
54: 853,988,929,368
978: 773,958,328,455,382
955: 695,176,512
869: 453,384,948,941,345
945: 410,438
406: 413,23,379,420,415,362
803: 324,885,841,846,365,416
368: 700,927,54,429,392
62: 325,386,450
989: 491,381,387,335,625
960: 817,730,919,320
349: 605,357,892,877,446
354: 907,797,300,403,376,360
867: 905,981,898,250,862,668,344
775: 944,672
400: 403,376,330,427,358,395
435: 805,363,491,315
345: 805,363,948,869,456
979: 117,909,409,956,827,972,969
895: 327,418,19,79,860,367
446: 373,877,605,349,848,359
347: 365,390,430,416,434,462
421: 423,291,923,992,460
951: 705,901,176,154,626,585
948: 745,941,805,625,345,869
79: 19,938,398,895,804,860
891: 399,987,832,881,499
626: 154,826,414,870,117,951,585
432: 851,426,332
425: 407,417,448
893: 914,330,565,383,499,394
953: 
886: 860,367,935,205,798,976
361: 977,309,942,291
88: 608,428,920,424,120
350: 644,328,811,239,455,916
395: 358,400,376,377,317
359: 848,314,605,446,337,993
363: 805,435,345,794,419
458: 342,429,431,420,369
798: 675,976,886,935,154,901
911: 356,857,874,957,967,721
915: 712,865
420: 369,415,458,406,379
952: 923,984,992,728,341,340
429: 342,458,392,431,368
963: 128
405: 436,372,356,449,721,440
382: 958,978
491: 315,381,989,805,435,625
874: 911,857,957,487,961,614,982
440: 324,885,356,372,364,405
364: 372,461,885,440,451,443
624: 737,787,227,990,355
388: 353,411,437,842,774,373
737: 624,427,787,355,300,403
614: 900,969,982,991,874,487
453: 393,869,456,380
920: 88,608,162,581,809,120
424: 402,387,88,428,745,882
930: 827,972,585,695,176
355: 344,321,300,905,990,624,737
379: 406,23,420,342,375
117: 870,979,326,626,409,827,585
865: 915
898: 905,981,867
120: 910,980,88,920,809
443: 461,364,412,366
454: 317,360,942
460: 340,923,421
954: 
409: 909,422,50,979,117,326
433: 371,934,452,892,768
700: 927,918,368,392,351,52
128: 963
918: 700,444,351,52,162,608
809: 985,947,581,920,910,120
404: 773,394,358,377
811: 644,338,350,314,913,239
437: 388,411,373,848,913,399
794: 363,419
901: 157,705,951,154,675,884,798
967: 888,721,985,910,911,957
367: 860,886,935,327,895,316
862: 973,846,668,964,981,867,250
944: 775
381: 491,315,989,391,335
668: 862,846,867,344,365,390
977: 293,361,423,291
846: 973,862,668,803,841,365
896: 983,993,605,343
802: 679,881,883,928,157,847
380: 453,393
827: 930,972,585,979,117
848: 314,913,359,373,446,437
981: 905,840,512,898,867,250,695,964,862
705: 157,951,901,176,789,512
413: 406,23,385,362,870,326
412: 202,461,319,443
688: 799
154: 826,626,414,935,798,951,901
456: 419,345,453
387: 402,424,335,989,745,625
157: 705,901,675,884,802,847,789
931: 618
385: 362,323,413,414,316,870
968: 970
907: 797,354,321,728,263
162: 52,486,581,918,608,920
773: 978,404,455,383,394
372: 436,461,364,405,440
434: 416,451,347,410,462
494: 
451: 416,434,885,364,410
884: 675,157,901
356: 911,857,721,324,440,405
365: 390,347,846,668,803,416
842: 204,921,774,373,877,388
672: 775
608: 88,428,920,918,444,162
625: 805,387,491,989,745,948
712: 915
176: 705,951,955,930,585,695,512
383: 455,916,499,893,773,394
921: 804,774,398,204,962,842
348: 332,858,329,938,398,962
346: 336,337,408,730,338
431: 929,339,458,429
445: 320,343,983
370: 333,375,342,392,52,486
402: 424,387,335,686,352,428
185: 336,950
965: 883,787
391: 335,381
922: 845,447
398: 79,938,348,962,921,804
422: 909,861,409,333,50,933
797: 907,354,360,974,986
486: 52,162,581,933,333,370
883: 802,881,965,847,227,914,565,787
858: 332,348,934,768,962
419: 456,363,794
436: 372,405,449,393,378
414: 154,826,626,316,385,935,870
885: 324,803,440,364,416,451
942: 309,986,454,361
935: 367,886,154,414,316,798
861: 909,422,991,933,961,947,487
202: 412
378: 319,436,461
204: 892,768,962,842,921,877
205: 804,774,860,886,353,976
847: 227,789,157,802,883
845: 922,447
900: 614,964,969,982,972,973
353: 388,411,774,205,675,976
881: 802,679,883,928,891,832,499,914
358: 394,395,330,404,400,377
851: 432,426,334
403: 400,376,737,427,300,354
938: 19,79,398,325,348
988: 54,397,457,927
407: 425,415,401
416: 434,451,803,885,365,347
927: 700,368,988,351
695: 698,955,930,972,176,964,512,981
799: 793,688
444: 897,686,351,918,608,428
897: 686,444,351,397,318,459
375: 333,50,370,342,23,379
923: 952,992,460,340,421
373: 877,446,842,388,437,848
418: 327,895,389,374,417,19
227: 847,789,883,902,990,624,787
442: 852
447: 845,922,958
585: 930,827,626,117,951,176
972: 956,698,930,827,695,979,900,964,969
914: 893,565,881,883,499
730: 960,950,408,346
804: 921,774,205,79,398,860
423: 291,421,977
941: 745,948,882,763,869,384
462: 347,430,434,341
778: 966
239: 987,913,811,350
430: 390,347,439,263,341,462
369: 420,339,458
394: 358,383,893,330,773,404
928: 675,411,832,802,679,881
745: 948,941,882,424,387,625
502: 
497: 
452: 934,426,334,433
947: 809,961,985,581,933,861
376: 400,403,395,354,317,360
250: 981,867,862
768: 204,892,962,934,858,433
459: 352,313,318,897,686
439: 390,430,344,321,263
721: 888,449,967,911,356,405
961: 985,947,861,874,957,487
763: 980,941,882,888,384
728: 263,341,907,974,952,984
390: 365,347,439,430,668,344
259: 958
644: 338,328,811,350,336,331
964: 900,698,972,695,981,973,862
962: 204,768,348,858,398,921
263: 728,341,439,430,907
817: 960,950
789: 847,227,157,705,512,902
882: 745,941,424,763,980
499: 916,383,891,881,893,914
428: 88,608,686,444,402,424
878: 946,875
448: 417,450,425
581: 486,162,933,920,809,947
781: 971,970
466: 
374: 325,417,450,19,418
924: 
352: 459,313,686,402,335
787: 624,737,427,883,965,227,565
384: 393,869,763,941,888,449
415: 420,407,362,401,406
392: 342,429,700,368,370,52
386: 62
853: 54,322,441,457
937: 
351: 897,444,397,700,927,918
565: 893,914,330,883,427,787
870: 117,326,385,413,626,414
438: 340,945
832: 399,891,411,928,881
450: 417,448,62,374
401: 362,323,407,415,389
291: 423,421,309,361,977
399: 891,987,832,411,437,913
293: 977
857: 911,356,874,982,324,841
512: 981,902,705,176,955,695,789
976: 675,798,205,886,353
675: 884,798,976,928,353,157,901
905: 840,981,898,867,902,990,355,344
455: 916,383,328,350,773,978
300: 355,321,737,403,354
892: 204,768,433,349,877
774: 921,804,205,842,353,388
427: 737,787,330,565,400,403
971: 781,970
852: 442,322,929
306: 
377: 404,358,395
777: 
309: 974,942,986,984,361,291
397: 318,457,988,897,351
970: 781,971,968
441: 853,457
313: 352,459
314: 848,913,359,337,338,811
315: 491,381,932,435
316: 414,327,385,323,367,935
317: 360,454,395,376
318: 397,897,459
319: 378,412
320: 445,408,983,960
321: 355,344,300,439,907
322: 852,929,853
323: 385,362,401,327,389,316
324: 803,885,841,440,356,857
325: 62,374,329,19,938
326: 870,117,413,23,50,409
327: 418,895,389,323,367,316
328: 644,350,455,331,978
329: 325,332,348
330: 893,565,427,394,358,400
331: 336,644,328
332: 348,858,432,329
333: 50,375,370,486,933,422
334: 426,452,851
335: 402,387,352,391,381,989
336: 185,346,644,338,331
337: 408,993,314,359,346,338
338: 644,811,337,314,346,336
339: 431,369
340: 438,460,923,952
341: 728,263,430,462,952
342: 458,429,392,379,375,370
343: 605,357,396,445,896,983
344: 355,321,905,867,668,390,439
973: 862,846,900,964,982,841
974: 309,986,797,728,984
975: 946,932
982: 614,900,857,874,973,841
983: 408,896,343,320,445
984: 952,992,728,974,309
985: 809,961,947,910,957,967
986: 974,309,942,797,360
987: 399,891,239,916
990: 905,902,227,624,355
991: 909,861,614,969,487
992: 923,952,984,421
993: 337,408,896,605,359