957: 809,961,947,910,911,967
826: 935,626,414,154,901,951
396: 334,371,445,357
919: 960,790
913: 848,811,399,239,437,350
912: 
958: 773,259,455,382
360: 454,376,354,942
868: 
357: 605,349,343,396,371,445
618: 931
933: 947,333,486,581,422,861
408: 337,896,320,960,730,346
888: 449,721,763,910,645,384,967
805: 419,435,948,625
605: 357,349,343,446,359,896
840: 695,512,902,867,250,905
487: 614,969,909,861,961,874
411: 388,353,928,399,437,832
19: 65,938,374,860,895,79
860: 367,895,19,79,492,886
950: 817,730,185
875: 878
23: 413,406,379,50,375,326
461: 364,378,443,412
910: 763,120,809,957,967,888
939: 945,410
457: 318,441,397,897
417: 418,389,448,450,425
877: 373,446,842,204,892
426: 851,432,332,934
932: 946
449: 888,405,721,436,384,393
686: 897,444,459,352,428,402
389: 418,417,401,327,323
366: 451,443,434,410
946: 932,878
371: 433,452,396,357,349
909: 422,861,409,827,487,956,969
558: 938,348,398
929: 853,54,852,322,368,431
362: 385,323,401,415,413,406
934: 332,858,426,433,452,768
956: 900,969,827,909,698,930
393: 453,384,869,449,436,380
698: 955,930,900,956,695,898
793: 799
410: 939,945,434,366
916: 455,383,350,891,239,499
902: 840,512,227,231,624,905
50: 333,375,23,409,326,422
841: 862,846,614,964,857,324
52: 71,486,162,918,392,700,370
679: 802,881,883,832,928
54: 929,853,368,927,397
492: 886,860
955: 176,698,930,940,695,512,959
869: 948,941,384,453,393,345
945: 939,953,410,438
406: 413,23,379,420,415,362
803: 324,440,885,846,365,416
368: 929,54,392,429,927
62: 450,386,325,374
790: 817,919,960
960: 919,320,408,790,730
65: 938,19,79
354: 907,797,403,376,360,942
867: 840,250,668,344,905,390
775: 944,672
400: 403,395,376,330,427,358
435: 491,315,363,625,805
71: 918,52,700
814: 737,355,300
895: 860,367,327,418,19
446: 877,359,892,605,349
645: 763,384,888
421: 923,291,460,340,423
951: 705,901,826,626,585,176
948: 745,941,869,625,805,345
79: 804,398,65,938,19,860
891: 399,239,881,832,916,499
626: 826,414,117,585,870,951
432: 329,426,332
425: 407,417
893: 914,499,330,383,565,394
953: 462,945,952,341,340
886: 154,492,798,860,367,205,935
361: 309,942,454,291
88: 608,428,920,424,882,120
350: 455,916,811,913,239,328
395: 400,376,358,317
359: 446,605,896,848,314
363: 315,435
458: 420,369,339
798: 154,886,205,675,884
911: 179,356,857,874,967,961,957,721
915: 712,865
420: 415,458,342,406,379
952: 728,341,953,923,340
429: 342,392,368,431,339
963: 128
405: 449,721,436,356,440,372
382: 331,328,958
491: 315,435,381,335,387,625
874: 179,857,911,861,961,614,487
440: 324,803,885,356,405,372
364: 372,461,885,451,443
624: 737,787,227,902,355,905
388: 774,411,353,373,842,437
737: 427,814,787,624,355,300
614: 900,964,487,969,857,874,841
453: 393,869,456,345,380
920: 88,608,162,581,809,120
424: 402,387,88,428,882,745
930: 176,698,955,827,585,956
355: 344,321,905,737,814,624,300
379: 406,23,420,342,375,370
117: 409,827,585,870,326,626
865: 915
898: 862,250,698,900,964,695
120: 763,910,882,88,920,809
443: 451,366,364,461
454: 360,361
460: 340,421
954: 777,799,937
409: 827,117,326,50,909,422
433: 371,452,934,892,768,349
700: 927,351,392,71,918,52
128: 963
918: 71,162,52,700,351,444,608
809: 957,947,581,920,910,120
404: 358,394,773,259,377
811: 314,913,644,338,350
437: 399,373,388,411,848,913
794: 
901: 157,705,951,154,826,884
967: 911,957,910,888,721
367: 860,895,327,316,886,935
862: 898,250,668,841,846,964
944: 775
381: 391,335,491,315
668: 862,250,846,867,390,365
943: 
846: 862,668,841,324,803,365
896: 337,408,605,343,359
802: 679,883,157,789,847
380: 319,378,436,453,393
827: 409,117,585,909,930,956
848: 314,913,373,359,437
899: 
705: 157,940,901,951,176,789
413: 406,23,385,362,870,326
412: 202,461,319
688: 937,799
154: 886,798,935,826,884,901
456: 345,453
387: 402,335,424,491,745,625
157: 705,901,884,802,789
931: 618
385: 316,323,362,413,414,870
968: 781
907: 300,797,354,263,321
162: 486,918,581,52,608,920
773: 958,259,455,383,404,394
372: 364,405,436,440,885,378
434: 347,366,462,410
494: 
451: 443,366,885,364,416
884: 675,154,798,157,901
356: 857,911,405,721,324,440
365: 390,430,668,846,803,416,347
842: 373,877,204,921,774,388
672: 775
608: 88,428,920,444,162,918
625: 745,948,387,491,435,805
712: 915
176: 955,930,585,705,940,951
383: 455,916,893,499,773,394
921: 804,398,204,962,842,774
179: 857,874,911
926: 
431: 339,852,929,429
445: 396,357,343
370: 375,342,392,379,52
402: 335,387,424,686,352,428
185: 950
965: 847,227,883,914,565,787
391: 352,313,381,335
922: 845,259,447,377
398: 921,804,79,348,558,938,962
422: 909,861,333,50,409,933
797: 907,354,263,728,309,942
486: 162,581,52,333,933
883: 802,679,881,847,965,914
858: 332,348,934,768,962
419: 805,345
436: 449,405,393,372,378,380
414: 935,826,626,385,316,870
885: 803,440,364,372,416,451
942: 361,309,797,354,360
935: 826,414,367,316,154,886
861: 909,422,961,947,933,487,874
202: 412
378: 380,436,372,461
204: 892,768,962,921,877,842
205: 804,886,798,774,353,675
847: 789,227,965,802,883
845: 922,447
900: 614,964,956,969,698,898
353: 774,388,411,205,675,928
881: 679,883,832,891,914,499
358: 404,394,330,400,395
851: 426
403: 400,376,427,300,354
938: 558,65,325,19,348,79,398
940: 705,176,955,789,512
407: 401,425,369
416: 347,803,885,365,451
927: 700,351,397,368,54,392
695: 840,512,959,698,955,898,250
799: 793,954,688,937
444: 897,686,351,918,608,428
897: 686,444,459,457,351,397
375: 333,50,370,23,379
923: 421,728,952,309
373: 877,842,388,848,437
418: 417,389,450,374,895,327
227: 847,965,902,787,624
442: 852
447: 259,845,922
585: 827,117,626,951,176,930
231: 512,902
914: 893,499,881,883,965,565
730: 950,960,408,346
804: 921,79,398,205,774
423: 421,291,293
941: 745,948,869,763,882,384
462: 953,430,347,434,341
778: 966
239: 399,891,913,916,350
430: 439,390,365,347,341,462
369: 415,458,407
394: 404,358,383,893,330,773
928: 675,411,353,679,832
745: 948,941,625,387,424,882
502: 
497: 
452: 371,433,934,334
947: 809,961,957,933,581,861
376: 400,403,395,354,360
250: 898,862,668,695,840,867
768: 204,892,962,934,858,433
459: 897,686,318,352,313
439: 390,430,344,321,263,341
721: 888,449,405,356,911,967
961: 957,947,861,487,874,911
763: 910,882,120,645,384,941,888
728: 952,341,797,263,309,923
390: 439,430,365,867,668,344
259: 773,958,447,404,922
644: 338,328,811,336,331
964: 614,900,898,862,841
962: 204,768,348,858,921,398
263: 907,797,321,439,728,341
817: 790,950
789: 847,157,705,940,802
882: 763,120,88,424,745,941
499: 893,914,891,881,916,383
428: 88,608,686,444,402,424
878: 875,946
448: 417
581: 486,162,920,809,947,933
781: 968
466: 
374: 325,19,450,62,418
924: 
352: 313,391,686,459,402,335
787: 565,737,624,227,965
384: 763,645,941,869,888,449,393
415: 420,369,401,362,406
392: 342,429,368,700,927,370,52
386: 329,62
853: 929,54,322,441
937: 688,799,777,954
351: 700,927,397,897,444,918
565: 427,787,965,893,914,330
870: 117,326,385,413,626,414
438: 340,945
832: 679,881,411,928,399,891
450: 62,418,417,374
401: 407,389,415,323,362
291: 421,361,309,293,423
399: 891,239,437,411,913,832
293: 291,423
857: 179,356,874,911,614,841,324
512: 695,840,902,959,940,955,231
959: 695,512,955
675: 884,928,205,798,353
905: 355,344,840,902,867,624
455: 916,383,350,328,773,958
300: 907,737,814,355,321,403
892: 204,768,433,349,877,446
774: 388,353,921,804,205,842
427: 565,737,330,400,403
304: 
852: 442,322,431,929
306: 
377: 404,922
777: 954,937
309: 361,942,797,728,923,291
397: 927,351,54,457,897
311: 
441: 457,853
313: 352,391,318,459
314: 848,811,359,337,338
315: 491,435,363,381
316: 385,323,367,327,935,414
317: 395
318: 457,459,313
319: 380,412
320: 960,343,408
321: 355,344,439,907,300,263
322: 852,929,853
323: 385,316,362,389,401,327
324: 803,440,356,857,841,846
325: 938,374,329,62,348
326: 409,117,870,413,23,50
327: 367,895,418,389,316,323
328: 644,455,350,382,331
329: 386,432,332,325
330: 893,565,427,358,394,400
331: 382,644,328
332: 348,934,858,329,432,426
333: 50,375,486,422,933
334: 396,452
335: 402,387,352,391,381,491
336: 346,644,338
337: 408,896,314,346,338
338: 644,337,314,811,336,346
339: 431,458,429
340: 438,460,952,953,421
341: 728,952,439,430,263,462,953
342: 392,429,420,379,370
343: 605,357,445,320,896
344: 355,321,905,867,439,390
345: 456,948,869,419,453
346: 336,337,408,730,338
347: 416,434,430,365,462
348: 332,858,558,938,325,962,398
349: 605,357,371,433,892,446
966: 778
969: 614,900,487,956,909