683: 657,169,677,148,204
511: 34,637,21,22,592,653
2: 414,3,367,637,21
3: 414,2,379,409,637,4
4: 22,24,619,3,379,333,637
5: 422,25
6: 431,368,422,16,25
7: 389,448,18
566: 143,142,676,503,645,124
9: 327,513,497,478,389
618: 109,419,380,523,461
596: 650,472,185,167,657,373
612: 89,616,387,126
13: 38,545,422,333,370,24
615: 52,23,545,83,37
605: 677,148,113,111,93,130
16: 28,25,54,6,431,514
487: 633,547,627,159,140,197
18: 418,61,525,7,448,32
19: 32,667,558,327,367
592: 49,626,34,511,50,653
21: 34,637,511,367,2,558
22: 23,24,4,637,511,653
23: 22,24,37,653,615
24: 23,22,4,619,333,13,545
25: 16,54,6,53,5,422
602: 218,568,220,199,645,179
678: 503,625,124,162,144
28: 16,54,514,444,686,477
543: 233,512,652,670,212,535,231
475: 617,134,136,562,137,117
586: 499,648,228,275,476,640
32: 667,19,389,327,524,18,525
686: 40,70,28,54,477
34: 511,21,558,47,592,49
638: 421,310,454,311
685: 506,78,684,79,492,662
37: 649,83,50,653,23,615
38: 13,53,545
558: 667,19,47,367,34,21
40: 69,86,70,686,54
667: 32,558,19,47,525,623
42: 656,477,43
43: 444,397,459,42,477,428
521: 170,190,603,522,154,208
545: 38,13,53,24,615
498: 300,289,275,589,287
47: 667,558,34,534,623,49
660: 306,672,583,287,308
49: 64,592,626,47,34,534
50: 649,37,66,653,592,626
515: 207,223,170,666,208,209
52: 68,571,615,53,83,69
53: 38,545,25,54,52,69
54: 28,16,25,53,69,40,686
492: 662,546,506,78,685,96,133
627: 487,547,489,157,176,140
510: 559,658,216,217,233,512
58: 428,424,548,387,89
59: 60,433,398,639,426
60: 631,62,59,348,61
61: 418,18,525,348,60,62
62: 60,631,61,525,623,579
63: 534,579,79,64,662,680
64: 49,626,534,63,680,80,65
65: 98,80,99,64,626,66
66: 649,50,626,99,65,100
513: 661,664,497,389,425,9
68: 571,52,83,102,587,561
69: 40,86,53,54,571,52
70: 40,86,686,656,477,608,71
71: 468,123,86,70,608,105
658: 559,517,510,233,564,250
677: 148,605,113,598,204,683
523: 319,604,109,618,128,461
645: 199,503,143,566,179,602
76: 93,639,643,452,433,349
77: 506,78,426,639,643,95
78: 77,506,685,492,131,95,96
79: 63,579,631,684,685,662
80: 98,65,97,64,546,680
626: 64,592,49,50,66,65
478: 497,362,385,415,9
83: 649,37,68,615,52,102
655: 668,220,540,654,590
476: 622,227,229,586,228,640,642
86: 69,40,70,571,123,71
546: 492,662,680,80,97,133
88: 105,162,548,608,89,106
89: 616,612,106,548,58,88
616: 89,612,106,126,144,491
91: 435,126,474,391,387
600: 640,642,535,624,289,263
93: 76,643,349,111,605,113
634: 229,212,211,669,652
95: 131,598,643,77,78,113
96: 131,152,78,492,133,665,115
97: 98,80,546,133,526,617
98: 80,562,99,65,97,617
99: 98,562,65,66,100,118
100: 542,118,102,649,66,99
597: 180,181,453,663,681
102: 100,542,649,83,68,561
491: 181,144,616,126,183,663
637: 511,21,2,3,22,4
105: 162,88,608,468,142,71,599,124
106: 89,616,162,88,144
624: 553,231,600,535,263,278
646: 259,286,565,499,648,589
109: 419,618,435,127,523,604
614: 198,179,217,160,143,197
111: 357,349,93,130,682,605
525: 18,61,32,667,62,623
113: 677,605,93,643,598,95
483: 131,598,152,204,675,149
115: 665,152,96
635: 300
117: 137,489,585,562,118,475
118: 100,542,562,99,117,585
643: 93,76,639,77,113,95
120: 581,607,676,633,159
503: 199,625,645,678,124,566
506: 77,78,685,426,684,492
123: 468,607,71,571,86,587
124: 503,678,142,105,162,566
607: 468,123,676,587,581,120
126: 91,474,616,612,491,183
127: 109,604
128: 146,461,319,523,412
657: 373,683,167,148,596
130: 682,446,167,111,148,605
131: 483,598,152,95,96,78
561: 587,486,581,68,542,102
133: 526,665,492,546,97,96
134: 475,617,136,526,522,154
606: 302,438,304,594,310
136: 475,134,137,154,671
137: 489,117,475,136,157
620: 279,533,355,647,266,673
540: 384,201,218,220,655,654
140: 216,467,488,197,487,627,176
668: 655,235,630,651,220,590
142: 468,676,599,105,566,124
143: 160,566,645,614,179
144: 181,491,162,616,106,625,678
661: 450,664,513,325,425
146: 128,461
533: 279,620,355,305,460
148: 677,605,130,167,657,683
149: 675,205,187,679,483,204,169
599: 468,142,105
570: 654,356,590,324,451,237,365
152: 131,483,96,603,665,115,675
524: 327,389,32
154: 191,522,134,136,521
630: 668,235,198,568,559,517
548: 656,428,58,88,89
157: 193,176,137,489,627
564: 553,231,233,658,250,647
159: 633,487,160,120,197
160: 143,159,197,614
623: 534,579,525,667,47,62
162: 105,88,106,678,124,144
648: 499,586,275,646,589
604: 319,523,109,345,127,456
568: 602,220,198,179,630
494: 408,320,359,650,472
167: 130,446,148,596,472,657
665: 133,603,526,522,115,152,96
169: 373,683,388,204,149,205
170: 521,190,666,208,515
666: 170,190,187,679,222,515,223
672: 306,674,660,583,404,296
608: 656,70,71,105,88
625: 199,503,678,180,181,144
656: 548,42,477,608,70
176: 195,157,193,669,627,467,140
652: 512,543,669,467,634,212
674: 306,672,404,395,427
179: 614,198,143,645,602,568
180: 597,181,199,625,218,201,681
181: 597,180,144,491,625,663
531: 457,339,458
183: 345,663,126,474,491
526: 133,665,522,97,617,134
185: 596,650,373,337,537,314
628: 310
187: 675,149,205,679,190,666
559: 517,658,510,198,217,630
571: 68,52,69,86,587,123
190: 521,170,666,603,675,187,679
191: 154,210,671,208,572
486: 561,581,542,585,633,547
193: 195,157,669,176,210,671,211
489: 137,117,585,547,627,157
195: 193,669,176
633: 487,547,159,486,581,120
197: 216,140,487,159,160,614,217
198: 614,179,217,568,559,630
199: 503,625,645,180,602,218
590: 654,570,655,668,651,365
201: 384,540,681,180,218,538
202: 443,538,453,456
542: 100,118,102,561,486,585
204: 483,598,677,169,683,149
205: 149,187,679,169,388,222,610
553: 574,231,624,564,647,278,673
207: 515,223,240,242,209,257
208: 191,521,170,515,209,572
209: 242,622,572,208,207,515
210: 191,671,193,227,572,211
211: 229,634,210,193,669,227
212: 229,634,543,652,670,642,535
514: 444,431,351,28,16
598: 131,483,204,95,677,113
664: 450,661,401,513,497
216: 467,140,488,197,217,512,510
217: 614,198,216,197,559,510
218: 602,220,199,180,201,540
488: 216,467,140
220: 602,218,568,540,655,668
649: 83,37,50,66,100,102
222: 239,610,205,679,666,223
223: 207,515,240,666,222,239
631: 60,62,684,579,79,426
676: 468,142,607,120,566
534: 63,623,579,47,64,49
227: 622,572,476,210,229,211
228: 586,476
229: 634,212,211,227,476,642
585: 489,117,542,118,486,547
231: 553,624,564,233,543,535
477: 42,656,28,43,444,70,686
233: 512,543,658,510,231,564
547: 633,487,627,486,489,585
235: 668,630,651,517,251,252
682: 130,446,371,357,111,466
237: 451,365,570
238: 239,411,255
239: 222,238,610,411,223,240,255
240: 207,223,239,255,544,257
544: 565,257,383,240,270,255
242: 622,209,207,257,499
617: 475,134,98,562,97,526
663: 345,453,183,597,181,491
502: 636,368,442,392,429
497: 362,478,401,664,513,9
610: 222,239,411,388,205,353
587: 561,581,68,571,123,607
662: 492,546,680,684,63,79,685
250: 647,266,251,517,658,564
251: 250,266,517,235,282,281,252
252: 496,282,281,235,651,251,365
535: 600,642,212,543,670,231,624
642: 640,600,535,476,229,212
255: 270,644,239,238,411,240,544
589: 583,287,648,275,286,646,498
257: 565,544,207,240,242,499
639: 76,643,433,59,77,426
259: 394,330,286,646,565,383
644: 270,255,350,411,399
650: 596,472,185,320,494,537
522: 603,526,665,134,521,154
263: 289,600,624,276,278
264: 276,278,291,293,673,279
619: 24,4,333
266: 250,647,251,281,620,355
499: 648,586,242,565,257,646
268: 378,563,416,434
574: 553,278,673
270: 644,255,350,544,383,382
581: 587,561,486,607,633,120
594: 304,410,366,606,423,310
579: 534,63,623,79,631,62
474: 435,91,126,345,183
275: 648,586,640,589,498,289
276: 264,278,291,290,263
562: 98,99,118,475,617,117
278: 264,276,673,553,574,624,263
279: 620,533,264,293,673,305
671: 210,191,136,193
281: 496,282,252,266,251,355,344
282: 281,252,251
636: 502,442,339
622: 242,209,227,572,476
565: 544,257,383,499,259,646
286: 330,259,646,589,583,296
287: 589,583,300,498,660,308
537: 336,337,320,650,185,346
289: 498,263,275,640,600
290: 300,276,291,309,301
291: 264,276,293,290,301,302
647: 250,266,553,564,673,620
293: 264,291,279,302,304,305
651: 668,235,590,252,365
512: 233,543,652,216,467,510
296: 358,404,330,286,583,672
675: 149,187,483,152,603,190
538: 202,453,384,201,681,393
572: 622,209,227,210,191,208
300: 498,290,635,287,308,309
301: 302,438,290,291,309,361
302: 606,301,438,291,293,304
563: 378,268,324,451,430,416
304: 410,594,305,293,606,302
305: 304,410,460,293,279,533
306: 674,672,660,308,354,427
640: 600,642,476,586,275,289
308: 309,354,287,300,306,660
309: 308,361,354,300,290,301
310: 423,606,594,638,628
311: 638,423
603: 665,522,152,675,521,190
313: 397,459,402
314: 353,437,185,373,388,337
315: 381,391,435,419
316: 327,367,385,414
317: 376,421,360,403
318: 352,322,441
319: 523,604,456,128,436,412
320: 408,494,650,346,537
321: 439,430,496,390,344,340,341
322: 351,441,442,318
323: 375,379,409,420,413
324: 440,570,356,451,378,563
325: 661,417
326: 385,407,413,414,409
327: 9,524,316,367,389,32,19
328: 382,394,447
329: 452,432,334
330: 394,259,286,447,358,296
331: 336,338
332: 386,432
333: 375,379,370,24,4,619,13
334: 357,349,329,452,396
335: 391,387,402,424,381
336: 337,537,346,331
337: 336,537,185,314,437
338: 399,331,350
339: 531,392,458,636,442
340: 344,321,460,462,341
341: 462,340,321,439
342: 370,429,406,375
343: 445,359,408
344: 340,496,281,355,321
345: 453,183,663,456,474,604
346: 320,336,537
347: 366,462
348: 386,418,61,398,60
349: 357,111,334,452,93,76
350: 270,644,338,455,382
351: 322,441,431,514,444
352: 318
353: 314,437,388,610,411,399
354: 308,309,361,306,427,376
355: 620,533,266,281,344
356: 654,570,384,440,393,324
357: 349,111,334,371,396,682
358: 404,400,296,330,377,447
359: 445,343,466,446,494
360: 421,361,438,376,317
361: 309,354,301,438,376,360
362: 497,478,401,415
363: 419
364: 405
365: 451,390,237,651,570,590,252
366: 410,594,423,347
367: 327,316,2,558,19,21
368: 502,6,370,429,422
369: 406,392,429
370: 342,375,333,368,13,422
371: 396,357,445,466,682
372: 443,449
373: 657,169,388,596,185,314
374: 386,417,418
375: 379,333,323,370,342
376: 317,361,354,427,360
377: 447,358
378: 268,563,440,405,324
379: 375,333,409,323,3,4
380: 618,461
381: 315,391,335
382: 328,270,350,383,455,394
383: 565,544,270,382,394,259
384: 201,540,538,654,356,393
385: 326,415,478,316,414
386: 374,348,332,418,398
387: 391,335,58,424,612,91
388: 373,169,205,353,314,610
389: 7,425,448,513,327,9,524,32
390: 451,365,496,321,430
391: 335,387,315,381,435,91
392: 458,369,339,429,502
393: 440,449,384,538,356
394: 330,259,383,382,328,447
395: 674
396: 371,357,334
397: 459,313,441,43,444
398: 433,432,386,348,59
399: 338,353,437,411,644
400: 358,404
401: 664,497,362
402: 313,424,335
403: 317
404: 358,400,296,674,672
405: 440,449,378,364
406: 369,420,342
407: 326,413
408: 320,494,343
409: 379,323,326,413,414,3
410: 304,594,305,366,460
411: 239,238,610,353,399,644,255
412: 436,319,128
413: 420,407,326,409,323
414: 2,3,385,326,316,409
415: 385,362,478
416: 268,563,430
417: 325,425,448,374
418: 18,61,448,374,386,348
419: 109,618,315,363,435
420: 413,406,323
421: 638,360,317,454
422: 13,5,370,6,368,25
423: 310,594,366,311
424: 428,58,459,402,335,387
425: 389,448,661,513,417
426: 77,506,631,59,684,639
427: 306,674,354,376
428: 58,424,43,459,548
429: 342,369,392,502,368
430: 321,451,390,563,416
431: 6,442,351,16,514
432: 433,398,332,329,452
433: 398,432,452,59,76,639
434: 268
435: 91,474,391,315,109,419
436: 412,456,319,443
437: 353,314,337,399
438: 606,301,302,361,360
439: 321,341
440: 449,405,393,324,356,378
441: 351,322,318,444,397
442: 502,636,431,339,322
443: 202,436,449,372
444: 43,514,351,441,28,397,477
445: 343,466,359,371
446: 130,682,167,466,359,472
447: 377,328,394,330,358
448: 7,389,425,417,418,18
449: 440,405,393,443,372
450: 661,664
451: 390,237,365,570,324,563,430
452: 329,433,432,349,334,76
453: 345,663,456,597,681,202,538
454: 421,638
455: 350,382
456: 345,453,319,604,202,436
457: 531
458: 392,531,339
459: 397,313,43,428,424
460: 410,305,533,340,462
461: 146,128,618,380,523
462: 341,340,460,347
466: 445,359,371,682,446
467: 216,140,488,669,176,512,652
468: 142,123,607,71,676,599,105
517: 559,658,235,630,250,251
583: 589,287,286,296,672,660
673: 264,278,553,574,647,279,620
472: 596,650,446,167,494
496: 281,252,390,344,321
653: 37,50,511,23,22,592
654: 570,356,590,384,540,655
669: 195,193,176,467,634,211,652
670: 543,212,535
679: 149,205,187,190,666,222
680: 662,546,63,64,80
681: 201,597,180,453,538
684: 631,79,506,685,426,662