683: 373,169,204,677,148,657
511: 21,637,22,592,653
2: 414,409,3,21,367,637
3: 379,375,2,409,637,4
4: 637,22,24,3,375,333
684: 77,696,685,631,426,79
6: 16,431,368
701: 667,19,558
566: 143,676,503,124,645
697: 240,223,666,208,207,572
618: 704,419
596: 185,657,167,472,650,537
699: 448,425,707,389,18,32
13: 422,24,615
615: 52,700,24,23,13,422,83
605: 130,711,349,111,93,702
16: 6,514,25,40,431,368,54
487: 547,159,585,627,687,216
18: 418,61,525,448,699,32
19: 32,667,701,707,316,558,367
592: 49,626,50,34,511,653
21: 34,558,511,367,2,637
22: 637,24,4,23,511,653
23: 22,24,83,653,720,615
24: 22,4,23,13,333,422,615
25: 16,368,422,69,700,54
653: 720,511,22,23,592,50
678: 162,106,144,503,124,625
28: 444,514,40
543: 658,512,634,212,652,535,231
475: 154,136,191,709,617,157
586: 622,648,242,640,476,275
32: 667,19,699,707,18,525
686: 548,43,608,40,444,70
34: 558,21,592
638: 311,454,310
685: 77,696,78,684,643,95
37: 83,716,720,50,649
696: 78,685,684,492,662,79
558: 34,21,367,667,701,19,47
40: 16,514,444,28,70,54,686
667: 32,701,19,47,525,558,623
706: 709,617,97,80,694,562
43: 548,686,397,444,428,459
709: 617,706,705,562,475,157
698: 216,467,197,217,512,510
498: 300,289,589,287,275,308
47: 667,558,534,623,49
660: 306,708,427,287,308,354
49: 64,592,626,47,534
50: 592,626,653,37,716,720,66
720: 83,653,37,23,50
52: 68,615,69,700,102,83
679: 223,666,187,222
54: 70,86,16,25,40,69
492: 662,546,696,78,133,96
627: 705,489,117,487,585,176,687
510: 658,512,698,217,559,695
58: 428,424,387,89,616
59: 433,398,348,60,426
60: 631,62,426,348,61,59
61: 418,18,525,348,60,62
62: 60,631,61,525,623,579
63: 534,579,64,662,65,79
64: 49,626,534,63,65
65: 662,546,63,64,98,80
66: 98,692,626,50,716,713
513: 497,712,478,389
68: 69,52,102,571,123,561,587
69: 68,52,700,25,86,54,571,123
70: 71,86,54,40,686,608
71: 70,86,123,608,607,105
658: 512,543,510,695,231,564
677: 148,702,113,598,683,204
523: 319,604,474,704,461
645: 199,503,143,566,179
76: 93,643,452,433,639,349,77
77: 685,684,639,426,76,643
78: 696,685,492,131,95,96
79: 662,631,63,579,696,684
80: 98,694,546,65,97,706
626: 64,592,49,50,66
478: 415,362,513,497
83: 37,720,23,615,52,102,649
655: 668,590,630,568,540,654
476: 640,715,227,229,622,586
86: 71,70,54,571,123,69
546: 492,662,65,80,133,97
88: 89,162,106,548,608,105
89: 88,106,548,428,58,616
616: 144,491,58,89,106
91: 183,703,387,391,126
600: 640,715,624,289,263
93: 76,643,349,605,702,113
634: 229,212,652,211,671,669,543
95: 131,598,643,78,685,113
96: 133,665,78,492,131,152
97: 617,706,546,80,133,522
98: 80,66,694,692,65
99: 100,694,692,117,562,118
100: 99,713,649,692,542,118
597: 180,181,663,453,719,681
102: 68,52,83,649,542,561
491: 144,616,126,181,663
637: 22,4,2,3,511,21
105: 142,607,71,608,162,88
106: 89,162,88,678,144,616
624: 553,231,535,600,715,263
646: 499,286
109: 419,474
614: 198,217,179,721,160,143
111: 349,357,711,605
525: 18,61,32,667,62,623
113: 677,702,93,643,598,95
483: 131,152,598,204,149
681: 384,719,597,453,693,538
691: 633,547,585,542,486,118
117: 705,489,562,627,118,99,585
118: 117,100,99,542,691,585
643: 93,76,77,685,113,95
120: 160,676,581,633,159
503: 199,124,645,625,678,566
717: 345,703,474,435,604
123: 71,86,571,68,69,607,587
124: 503,142,162,678,676,566
607: 581,142,105,587,71,123
126: 491,91
700: 615,69,52,422,25
128: 146,461,412
657: 596,185,167,148,683,373
130: 711,446,605,148,702,167
131: 483,152,598,95,78,96
561: 542,486,68,102,587
133: 96,522,665,492,546,97
719: 384,201,681,218,597,180
606: 304,421
136: 191,475,157,671,210,211
708: 306,660,296,583,287,330,672
620: 647,266,355,673,690,533
540: 384,218,220,655,654
713: 100,649,716,66,692
668: 655,590,630,252,517,251,714
142: 581,607,105,162,676,124
143: 160,566,645,614,179
144: 616,491,106,678,625,181
661: 450,664,417
146: 461,380,128
533: 279,460,340,620,355,690
148: 677,702,130,657,167,683
149: 187,205,483,169,204
705: 489,117,562,627,709,176,157
570: 654,356,324,590,252,365
152: 131,483,96,665,675
688: 268
154: 191,475,522,617,170,603
630: 655,668,198,568,559,517
548: 686,43,608,428,89,88
157: 176,671,709,705,136,475
564: 553,231,658,695,250,647
159: 547,487,160,120,216,197,721
160: 120,143,159,614,721
623: 534,579,525,667,47,62
162: 88,106,678,142,105,124
648: 586,242,499,589,275
604: 319,523,474,456,717
568: 220,198,179,655,630
494: 650,408,359,472,320
167: 596,657,472,130,446,148
665: 133,96,522,152,675,603
169: 683,373,204,149,205,388
170: 603,154,191,666,208
666: 697,223,208,679,170
672: 358,330,306,296,708,404
608: 548,686,71,70,105,88
625: 199,503,678,144,180,181
712: 513,664,497,401,450
176: 157,671,669,687,705,627
652: 634,543
674: 395,306,427,404
179: 614,198,143,645,568
180: 597,181,199,625,719,218
181: 597,180,663,144,491,625
531: 
183: 91,703
669: 176,671,687,467,634
185: 596,657,373,537,337,314
707: 327,316,389,699,32,19
187: 149,205,675,679
559: 517,695,198,217,510,630
571: 86,123,68,69
190: 675
191: 154,136,475,170,208,210
486: 542,561,581,587,633,691
718: 264,276,690,263,673,278
489: 705,117,627
694: 98,80,692,99,706,562
633: 691,547,486,581,120
197: 216,698,159,217,721
198: 614,217,179,568,559,630
199: 503,645,625,180,218
590: 655,668,252,654,570
201: 384,719,218
202: 693,436,538,443,449
542: 561,486,102,100,118,691
204: 683,169,677,483,598,149
205: 187,149,169,388,610
553: 673,231,624,564,647
207: 697,240,572,565,257,622,242
208: 697,666,170,191,572,210
711: 130,446,605,111,357,682
210: 572,227,136,191,208,211
211: 229,634,136,671,227,210
212: 229,634,535,543
514: 16,40,431,442,444,351,28
598: 131,483,95,677,113,204
664: 712,661,450,417,425
216: 467,698,197,159,487,687
217: 614,198,721,698,197,510,559
218: 201,719,540,199,180
695: 559,517,658,510,564,250
220: 568,540
649: 100,713,83,37,716,102
222: 239,411,610,223,679
223: 697,240,666,679,222,239
631: 60,62,426,579,684,79
676: 120,566,581,142,124
534: 63,623,579,47,64,49
227: 572,210,229,211,622,476
703: 183,91,435,345,717
229: 634,212,535,211,227,642,715,476
585: 691,547,487,117,627,118
231: 553,624,564,535,658,543
716: 37,50,66,692,713,649
710: 
547: 633,691,159,487,585
714: 496,281,668,252,251
682: 466,371,357,711,446
690: 264,718,673,620,279,533
687: 176,669,627,487,216,467
239: 222,411,240,223,255,544
240: 697,223,207,239,565,544,257
544: 565,383,239,240,270,255
242: 622,648,586,207,565,499
617: 709,97,706,522,154,475
663: 597,181,491,345,453
502: 429,392,442,339,431
497: 513,712,401,362,478
610: 222,411,205,353,388
587: 581,607,68,123,561,486
662: 492,546,65,79,63,696
250: 647,266,251,517,695,564
251: 250,266,517,668,714,281
252: 668,590,570,496,714,365
535: 229,212,543,642,715,231,624
642: 715,229,535
255: 270,644,239,411,544
589: 583,287,275,648,498
257: 565,240,207
639: 433,426,76,77
259: 286,394,382,383,499
644: 270,255,338,350
650: 494,596,472,320,537
522: 133,665,617,97,603,154
263: 718,276,600,624,278,289
264: 718,276,690,291,279,293
704: 618,523,461,380
266: 250,647,620,251,355,281
499: 565,383,648,242,286,259,646
268: 563,364,688
693: 202,436,538,453,456,681
270: 644,255,544,383,350,382
581: 142,607,587,486,633,120,676
594: 423,304
579: 534,63,623,631,62,79
474: 109,419,435,717,523,604
275: 589,648,586,640,498,289
276: 264,718,263,291,300
562: 705,117,694,99,709,706
278: 673,718,263
279: 460,533,264,690,293,305
671: 176,157,669,136,634,211
281: 496,714,344,266,251,355
692: 98,66,694,716,100,99,713
702: 677,148,113,93,130,605
622: 586,242,207,572,227,476
565: 544,257,383,499,240,207,242
286: 394,259,499,583,646,330
287: 589,583,498,660,708,308
537: 337,346,650,596,185
289: 300,498,640,600,275,263
290: 300,291,309
291: 264,276,300,290,309,293,301
647: 250,266,620,553,673,564
293: 301,302,438,264,291,279,305
654: 570,356,384,540,655,590
512: 658,543,510,467,698
296: 708,330,672
675: 190,603,152,665,187
538: 202,693,384,681,393
572: 227,210,697,208,207,622
300: 498,290,289,276,291,308,309
301: 293,438,291,361,360
302: 293,438,304,305
563: 378,268,451,430,416
304: 410,305,302,438,594,606
305: 304,410,279,460,293,302
306: 660,708,427,672,674
640: 600,715,476,586,275,289
308: 309,354,287,300,498,660
309: 308,361,354,300,290,291
310: 423,421,311,638
311: 638,423,310
603: 675,170,522,665,154
313: 402,352,397,441,459
314: 353,437,388,185,373,337
315: 435,391,381,363
316: 707,327,414,385,19,367
317: 360,454
318: 322,441
319: 523,604,461,412
320: 650,494
321: 341,390,344,340,439
322: 457,442,339,318,351,441
323: 379,375,420,406,342
324: 570,356,440,451,365,378
325: 386,332,374
326: 407,413,414,409,385
327: 707,316,389,385
328: 447,350,377
329: 432,452,334
330: 358,672,286,394,583,296,708
331: 399,338,437,336
332: 386,325,432,398
333: 422,375,370,24,4
334: 349,357,329,452,396
335: 391,381,402,424,387
336: 337,437,331
337: 537,185,314,437,336
338: 399,331,644,455
339: 322,457,442,392,458,502
340: 460,533,355,321,462
341: 321,439,462,347
342: 370,369,406,375,323,429
343: 371,466
344: 496,281,390,355,321
345: 453,456,717,703,663
346: 537
347: 366,341
348: 386,418,61,59,398,60
349: 334,111,452,93,76,605
350: 447,328,270,644,455,382
351: 397,444,441,322,442,514
352: 313,402
353: 314,437,388,411,610,399
354: 308,309,361,660,427,376
355: 266,620,281,344,533,340
356: 654,570,324,384,440,393
357: 334,111,371,396,682,711
358: 330,672
359: 494,408,466,446,472
360: 421,361,301,438,376,317
361: 309,354,301,376,360
362: 497,478,415
363: 419,315
364: 378,268,405
365: 451,430,252,570,324,496,390
366: 347,410
367: 558,21,316,414,2,19
368: 422,370,429,6,16,25,431
369: 342,406,392,429
370: 342,429,368,333
371: 445,357,343,682,466
372: 443,449
373: 683,169,185,657,314,388
374: 417,448,386,325,418
375: 3,379,323,342,4,333
376: 403,361,354,360
377: 447,328
378: 563,364,324,440,405,451
379: 3,375,323,413,409
380: 146,461,704
381: 391,335,315
382: 394,259,270,383,447,350
383: 565,544,499,270,259,382
384: 201,719,681,540,538,654,356,393
385: 414,326,327,316
386: 325,348,332,374,418
387: 58,424,391,335,91
388: 353,314,373,169,205,610
389: 707,327,513,699,425
390: 496,344,365,430,321,439
391: 335,381,387,91,315
392: 458,369,502,429,339
393: 440,449,384,538,356
394: 286,259,382,447,330
395: 674,403
396: 334,357
397: 444,351,441,313,43,459
398: 433,59,348,332,432
399: 338,331,353,437,411
400: 404
401: 450,497,712
402: 313,352,424,459,335
403: 376,427,395
404: 400,672,674
405: 440,449,378,364
406: 323,342,369
407: 326,413
408: 494,359
409: 414,2,326,413,3,379
410: 304,305,460,462,366
411: 222,239,610,353,399,255
412: 443,319,128
413: 420,407,326,409,379
414: 2,409,385,326,316,367
415: 478,362
416: 434,430,563
417: 374,661,664,448,425
418: 18,61,374,448,386,348
419: 109,474,435,363,618
420: 413,323
421: 360,454,438,310,606
422: 368,13,333,24,25,615,700
423: 310,594,311
424: 428,58,459,387,402,335
425: 448,699,664,417,389
426: 60,631,59,639,77,684
427: 306,660,354,674,403
428: 58,424,459,548,43,89
429: 502,392,370,342,369,368,431
430: 451,365,390,563,439,416
431: 6,16,514,502,429,442,368
432: 329,452,332,433,398
433: 59,639,398,432,452,76
434: 416
435: 419,474,315,703,717
436: 202,693,456,443
437: 353,314,337,336,399,331
438: 293,301,302,304,421,360
439: 390,430,321,341
440: 449,393,405,356,324,378
441: 397,351,322,318,313
442: 322,339,502,514,431,351
443: 412,202,436,449,372
444: 397,351,28,514,40,686,43
445: 371
446: 130,711,682,466,359,167,472
447: 328,350,394,382,377
448: 699,425,417,374,418,18
449: 440,393,405,202,443,372
450: 661,401,664,712
451: 365,430,324,378,563
452: 329,432,433,334,349,76
453: 345,456,597,663,681,693
454: 421,317,638
455: 338,350
456: 345,453,604,693,436
457: 322,339,458
458: 392,457,339
459: 428,424,397,313,402,43
460: 279,533,340,410,305,462
461: 146,380,704,319,523,128
462: 460,340,341,410
466: 682,371,343,446,359
467: 216,698,669,687,512
715: 640,600,642,476,229,535,624
517: 559,695,668,630,250,251
583: 589,287,286,330,708
673: 553,278,647,620,718,690
472: 596,167,446,650,494,359
496: 714,281,390,344,252,365
721: 614,217,159,160,197