957: 1182,1214,1086,335
1241: 460,1173,454
396: 371,433,1177,1268
343: 1068,357,1246
913: 811,1202
377: 328,326,344
1230: 449,1186,1112,1088,1175
360: 415,361,362,972,369,317
1196: 1266,1252,1214
357: 343,346,445,338
1113: 1148
324: 416,1201,340
408: 1244,446,1246,877,1068
1037: 378,1249,319,410,434
300: 438,460,1173,354,366
315: 1088,431,381
329: 1106,367,1227,332,1110,432
323: 1134,385,316,798,414,1135
411: 399,1269,321,439,1115,1253
313: 351,457,325,1181,374
1148: 1113
441: 322,428,401,424,392,368
1201: 366,354,434,324,340
1124: 1197
461: 436,393,372,419,456
1251: 365,340,1222
401: 441,429,362,368,369
457: 313,444,386
417: 1146,353,327,450,389,425
877: 1246,1244,408
426: 1221,205,1167,334,1106
1073: 1257,1100
449: 1230,459,402,370
1175: 1210,459,1186,1230
389: 448,1146,417,425,407
366: 1201,354,300,451
336: 1260,338
371: 1258,433,396,1136,448,1268
1254: 1179,1162,334,367,388,1189
1088: 1112,1230,315
332: 1110,1181,329,432,325
362: 429,420,401,369,415,360
1208: 1198
1179: 1162,1000,1254,1167,1152,334
393: 405,372,1217,1099,461,436
1106: 367,329,426,804,1227
1186: 1112,1175,1230
410: 354,434,430,462,1173,1037
1244: 408,877
318: 1168,386,413,351,397
50: 342,1209,1220,422,1255,384
841: 1093,1222
1257: 1073,1100,1160,1152,1267,1000
314: 1090,1262
1220: 50,1209,1099,384,1046,405
1269: 399,1149,411,1168,413,321
1267: 348,1074,1257,1100,1000
341: 423,447
1242: 1233,1255,375,429,368,342
406: 1046,409,420,1209,415,379
803: 
368: 429,424,1233,1242,441,401
1210: 1175,459
1253: 1115,337,359,399,411,445
1074: 348,1267,1154,1162,1000,1231
349: 452,1136,398,1146,1271
354: 410,434,1173,300,366,1201
1181: 332,1110,374,313,325
1252: 1086,1196,1214
400: 928,1256,427,350,382,383
435: 1217,1099,384,387
345: 319,1096,440,378,380
1115: 998,1253,411,439,403
1193: 1164,1022
446: 798,437,1177,408
347: 319,1096,379,409,1077,462
421: 454,447,972,317
1231: 353,1074,1154,1162,388,327
1152: 1167,1160,1265,1257,1179,1000
1134: 385,323,386,414,1149
321: 981,439,413,442,411,1269
1225: 1142,1140,1247,1270
432: 352,329,1227,1234,332
425: 444,417,450,389,407
1202: 811,1262,913
328: 377,395,404
326: 458,981,377
361: 415,379,360,317,1077
88: 1266
350: 905,355,1256,400,382
395: 344,403,439,328,355,404
359: 414,1135,399,346,445,1253
363: 1102
458: 391,442,981,326
798: 446,437,316,1177,323,1135
450: 327,418,417,425,374
905: 355,350,404,394,358
420: 429,362,342,1209,415,406
1051: 804,1227,1234
429: 362,420,368,1242,401,342
1217: 435,1099,387,1102,393,436
405: 393,372,1220,1099,1046,356
382: 400,350,358
1140: 1235,1263,1225,1247
1099: 435,1217,384,1220,405,393
440: 419,356,372,1096,345
364: 380,443
1271: 1146,353,373,349
388: 327,418,1189,1162,1254,1231
1219: 1228
1249: 378,1037,434,443
453: 335,422
344: 395,981,439,377
424: 402,392,370,1233,441,368
974: 
355: 905,350,404,395,403,1256
379: 415,361,406,409,347
1255: 333,422,375,1242,50,342
865: 
1167: 1265,1152,205,426,1179,334
330: 427,1260,1090,1057,383
443: 416,1249,364
454: 421,430,1241
460: 1241,1173,300,438
1197: 1124
409: 406,1046,356,379,1096,347
433: 371,1258,396,842,921
319: 1096,345,347,462,378,1037
128: 1239,1259
339: 
1057: 1090,1262,331,330,1123,383
404: 905,355,395,328
811: 1202,1236,913
437: 446,798,1135,1068,346
317: 972,361,360,421
340: 1201,324,1251
427: 1260,330,320,928,400
367: 334,1106,329,1254,1189,1110
1053: 
1245: 1198
381: 333,375,315,431
1135: 414,359,323,798,437,346
1214: 1182,957,1196,1252,1086
1102: 387,363,1217
1120: 1232,1112
1250: 1236,1169
380: 364,345,412,378
827: 972,369,390,322,455
1236: 811,1250,1169
981: 321,439,442,458,326,344
1162: 1179,1000,1254,1074,1231,388
413: 1168,318,442,1269,321
412: 419,380
1149: 399,1269,1134,1168,386,414
335: 453,1086,957,333
456: 461
387: 1102,435,1217
320: 445,337,427,1260,338,928
1233: 431,370,1242,424,375,368
385: 1134,323,444,316,407
333: 422,1255,375,381,335
1260: 427,330,338,320,336
1265: 1167,1160,1152,205
1090: 1262,1057,330,314
372: 405,393,356,461,419,440
434: 410,354,1037,1249,1201
334: 367,1167,426,1179,1254
451: 366
399: 1149,411,1269,414,359,1253
356: 1046,409,405,372,1096,440
365: 1251,1222
842: 921,433
1022: 1193,1164,452,921,1258
608: 1266
1268: 316,1177,448,371,396
1110: 332,1181,367,329,1189
1164: 1193,1022,1263,452
383: 1123,330,400,1057
921: 842,1022,1258,433
348: 1267,1074,1154,1142
346: 445,437,1135,359,357
431: 370,1233,315,375,381
445: 346,320,359,357,1253,337
370: 431,1233,449,424,402
402: 424,392,459,449,370
337: 998,1253,445,320,928
1000: 1179,1162,1257,1152,1267,1074
391: 397,442,458
1154: 348,1074,1231,353,373
398: 1247,1263,452,349
422: 333,1255,453,50,384
1096: 319,345,347,356,409,440
1235: 1263,1140
1046: 406,356,409,1209,1220,405
397: 391,318
419: 412,440,372,461
436: 461,1217,393
414: 1135,359,1134,323,399,1149
1077: 430,462,361,347
1086: 1252,957,1214,335
1232: 1112,1120
1221: 205,426
1112: 1232,1088,1186,1120,1230
378: 1037,1249,319,345,380
1079: 1203,1228
205: 1221,426,1167,1265
1227: 1051,804,1234,1106,329,432
1038: 1261
1123: 383,1057,331
353: 1146,1231,417,373,1271,1154,327
1198: 1208,1245
358: 905,394,382
327: 388,418,450,1231,353,417
403: 395,439,998,1115,1256,355
331: 1262,1057,1123
1263: 1235,1140,398,1164
407: 316,389,448,425,385
416: 324,443
1247: 398,1270,1225,1140,373
1068: 343,408,437,1246
1246: 877,408,343,1068
444: 425,457,385
338: 1260,357,320,336
375: 333,1255,381,431,1233,1242
1100: 1073,1257,1267
373: 353,1271,1154,1247,1270
418: 388,327,1189,450,374
1234: 1051,1227,432,1203
442: 391,413,458,321,981
447: 455,972,341,421
322: 441,428,390,827,369
972: 827,369,317,447,360,421
316: 1177,1268,407,385,323,798
1248: 
804: 1051,1227,1106
423: 341
941: 
462: 430,1077,319,347,410
1266: 88,1196,608
1211: 
430: 1077,462,454,1173,410
369: 827,972,322,401,362,360
394: 905,358
928: 1256,400,320,998,337,427
1093: 841,1222
1168: 386,318,413,1149,1269
1136: 452,349,448,371,1258
452: 349,1136,398,1164,1022,1258
998: 1115,337,403,928,1256
376: 
1146: 353,417,1271,349,389
1169: 1236,1250
459: 1175,1210,449,402
439: 321,981,411,1115,395,344,403
1199: 
455: 447,827
1160: 1265,1152,1257
1142: 1225,348,1270
390: 322,428,827
438: 300,460
1258: 371,433,1022,452,1136,921
1209: 50,342,1220,420,406,1046
1177: 316,1268,396,446,798
1228: 1219,1079
1189: 388,418,1254,367,1110
325: 313,351,332,1181
342: 50,1209,1242,1255,429,420
1261: 1038
428: 322,441,392,390
1239: 128,1259
448: 389,1136,371,1268,407
1222: 1093,841,365,1251
1173: 1241,460,430,410,354,300
1206: 
374: 418,450,1181,313
1262: 1090,1057,331,314,1202
352: 432,1203
1203: 1079,1234,352
384: 435,1099,422,50,1220
415: 379,361,360,362,420,406
392: 424,402,441,428
386: 1168,318,457,1134,1149
1256: 928,400,998,403,355,350
1207: 
351: 313,325,318
1182: 957,1214
1259: 128,1239
1270: 1247,1225,1142,373