0: 8,497,316,450,7
1: 478,10,327,367,2
2: 11,3,367,409,10,1
3: 11,12,2,409,379,4
4: 13,5,422,379,12,3
5: 13,4,422,368,6,14
6: 442,15,14,339,368,5
7: 389,418,348,0,8,18
8: 0,497,9,7,19,18
9: 8,497,478,327,19,20
10: 478,1,21,11,2,22
11: 12,3,2,10,23,22
12: 11,3,13,4,23,24
13: 4,5,12,14,25,24
14: 15,6,13,5,25,26,500
15: 442,6,14,16,26,27
16: 431,29,442,15,27,28
487: 120,121,122,139,140
18: 32,19,7,348,8,31
19: 32,33,18,8,9,20
20: 34,9,478,21,33,19
21: 478,10,34,35,20,22
22: 36,23,10,21,11,35
23: 36,37,22,11,12,24
24: 38,25,12,13,37,23
25: 38,24,13,14,500
26: 40,27,500,15,14
27: 40,26,15,16,41,28
28: 41,42,477,16,29,27
29: 16,431,441,444,477,28
30: 31,45,398,348,44,332
31: 30,45,61,348,32,18
32: 33,47,19,18,31,61
33: 32,47,19,34,48,20
34: 35,49,48,20,21,33
35: 34,49,21,36,50,22
36: 37,50,51,23,22,35
37: 36,51,23,38,52,24
38: 52,53,25,24,37
39: 54,500
40: 54,26,27,500,41,70
41: 42,28,40,27,56
42: 41,477,28,57,72,56
43: 428,57,444,477
44: 332,30,45,59,60
45: 30,31,61,44,60,471
498: 259,260,274,275,288
47: 32,33,61,48,62,63,484
48: 34,49,33,47,484,64
49: 34,35,48,50,64,65
50: 36,35,49,65,66
51: 36,37
52: 38,53,37,67,68
53: 38,52,54,68,69
54: 39,40,500,53,69,70
492: 62,63,78,96,79
56: 72,88,41,42,71
57: 43,58,42,477,72
58: 428,57,424,73,74
59: 75,76,44,332,426,60
60: 471,77,44,45,59,76
61: 31,45,32,47,471,62
62: 63,492,61,47,471,78
63: 62,492,484,47,80,79
64: 65,81,80,49,48,484
65: 64,81,49,50,66,82
66: 67,82,83,50,65
67: 66,52
68: 84,85,69,52,53
69: 68,85,53,54,70,86
70: 86,71,40,54,69
71: 87,70,86,485,88,56
72: 88,56,42,57,73
73: 74,90,58,72,89
74: 73,90,91,58,424,387
75: 59,76,349,433,93
76: 59,75,60,77,93,94
77: 60,471,78,76,95,94
78: 471,77,62,492,95,96
79: 97,63,492,80,98
80: 64,81,63,484,79,98
81: 64,65,80,82,98,99
82: 66,83,65,81,99,100
83: 66,82,84,100,101
84: 68,85,83,101,102
85: 68,84,69,86,102,104
86: 87,70,71,85,69,104
87: 86,71,485,104,123,105
88: 485,72,89,56,71
89: 88,73,90,106,107
90: 73,74,91,89,107,108
91: 74,90,435,387,108,109
92: 93,111,112,349,466,110
93: 112,92,349,75,76,94
94: 95,113,76,77,93,112,479
95: 113,94,77,78,96
96: 115,78,492,114,95
97: 115,116,79,98,475
98: 99,117,475,81,80,97,79
99: 98,117,81,82,100,118
100: 101,118,495,82,83,99
101: 100,495,486,83,84,102,120
102: 120,121,84,85,101
491: 106,125,107,126,143,144
104: 122,123,85,87,86,121
105: 106,124,125,87,485,123
106: 105,125,491,485,89,107
107: 108,126,89,90,106,491
108: 107,126,127,90,91,109
109: 128,419,91,435,108,127
110: 466,371,349,357,334,92
111: 112,92,466,129,130,482,472
112: 93,111,92,479,94,130
113: 114,95,94,479,132
114: 113,96,115,132,483,133
115: 96,97,116,114,133
116: 97,115,475,133,134,135
117: 98,99,475,118,136,137
118: 100,495,119,99,117,137
119: 118,495,486,137,489,138
120: 102,121,487,101,486,139
121: 102,120,487,104,122
122: 468,104,123,121,487
123: 468,104,122,87,105,124
124: 105,125,468,123,142,143
125: 105,106,124,491,143
126: 107,108,127,491,144,145
127: 108,126,109,128,145,474
128: 109,419,127,146,474
129: 147,445,466,111,482,472
130: 148,472,111,112,479,131
131: 132,150,149,479,130,148
132: 150,483,131,479,114,113
133: 134,152,114,115,116,483
134: 133,152,171,116,153
135: 136,116,475
136: 135,154,153,117,475,137
137: 489,155,117,118,119,136,154
138: 489,486,119,139,157,158
139: 158,486,120,487,138,140
140: 141,159,487,139,158,488
141: 160,159,140,468,142
142: 143,161,468,124,160,141
143: 142,161,162,124,125,491,144
144: 145,163,491,126,143,162
145: 144,163,164,126,127,474
146: 474,165,345,128,461
147: 129,445,494,359,472,320
148: 130,472,149,131,167,168
149: 150,131,148,168,469
150: 151,132,483,149,131
151: 150,483,152,169,170
152: 133,134,171,151,483,170
153: 136,154,134,171,172
154: 136,153,137,155,172,173
155: 137,489,156,154,173,174
156: 489,155,157,174,175
157: 158,489,156,138,175,176
158: 139,157,488,138,140,176
159: 160,141,140,488,178,490
160: 141,159,142,161,178,179
161: 142,143,162,160,179,180
162: 143,161,144,163,180,181
163: 144,145,164,162,181,182
164: 145,163,474,165,182,183
165: 146,474,345,164,183,453
494: 147,472,320,167,184
167: 185,168,184,494,148,472
168: 167,185,186,148,149
169: 469,187,188,151,170
170: 189,190,151,152,171,169,188
171: 134,152,153,170,190,172
172: 173,191,171,154,153,190
173: 172,191,154,155,174,210
174: 175,193,210,155,156,173
175: 174,193,156,157,176,195
176: 177,195,157,158,488,175
177: 176,195,467,488,196,490
178: 197,490,160,159,179
179: 180,198,160,161,197,178
180: 179,198,199,161,162,181
181: 182,200,162,163,180,199
182: 181,200,201,163,164,183
183: 453,202,164,165,182,201
184: 167,185,494,320,336,203
185: 167,186,168,184,204,203
186: 185,168,187,204,205
187: 169,188,186,205,206
188: 169,187,170,189,206,207
189: 170,190,188,470,207,208
190: 170,189,171,172,191,470
191: 172,173,470,190,210,209
486: 101,495,119,120,138,139
193: 174,175,210,195,211,212
489: 137,155,156,138,119,157
195: 176,177,467,175,193,212,213
196: 197,490,177,467,214,215
197: 178,196,490,179,198,215,216
198: 179,180,199,197,216,217
199: 180,198,181,200,217,218
200: 181,182,201,199,218,220
201: 182,200,183,202,220,384
202: 183,453,201,384,393
203: 204,221,336,185,184,337,373
204: 221,222,203,185,186,205
205: 206,223,186,187,204,222
206: 205,223,224,187,188,207
207: 208,225,188,189,206,224
208: 207,225,189,470,226
209: 227,226,191,470,210
210: 174,193,173,191,209,211
211: 212,228,229,193,210
212: 211,229,193,195,480,230,213
213: 480,195,467,212
214: 480,231,467,196,215,232
215: 233,232,197,196,214,216
216: 217,234,197,198,233,215
217: 216,234,235,198,199,218
218: 236,220,199,200,217,235
488: 158,159,140,176,177,490
220: 218,237,236,200,201,384
221: 204,222,203,373,238,388
222: 204,221,205,223,238,239
223: 205,206,224,222,239,240
224: 206,223,207,225,240,241
225: 207,208,224,493,241,242
226: 209,493,227,470,208
227: 209,226,499,228
228: 211,229,227,499,244,245
229: 211,212,228,230,245,476
230: 480,231,212,229,476,262
231: 480,230,214,232,262,248
232: 233,215,231,214,248,249
233: 215,232,216,234,249,250
234: 216,217,235,251,233,250
235: 217,234,251,218,236,252
236: 218,237,220,252,253,235
237: 236,220,253,384,356
238: 254,388,399,221,222,239
239: 240,255,222,223,238,254
240: 239,255,256,223,224,241
241: 242,257,224,225,240,256
242: 241,257,258,225,493,243
243: 244,259,493,499,242,258
244: 243,259,499,228,245,260
245: 476,260,228,229,244
497: 0,8,9,316,327
490: 197,178,196,488,159,177
248: 249,264,231,232,263
249: 248,264,265,233,232,250
250: 266,233,234,251,249,265
251: 234,235,252,266,250
252: 236,253,235,251,268
253: 237,236,252,356,268,324
254: 238,399,239,255,269,350
255: 239,240,256,270,269,254
256: 240,255,270,241,257,271
257: 241,242,258,256,271,272
258: 242,257,243,259,272
259: 243,244,498,258,260,274
260: 245,261,244,259,498,275
261: 476,260,277,275,276
262: 277,263,230,231,476
263: 277,262,248,264,481,278
264: 248,249,265,481,279,263
265: 249,264,279,266,250,280
266: 496,250,251,265,282
499: 493,227,228,243,244
268: 282,365,324,252,253
269: 255,270,254,383,350,283
270: 255,256,269,284,283,271
271: 272,285,256,270,257,284
272: 271,285,257,258,286
493: 226,499,225,242,243
274: 287,259,498
275: 276,288,289,498,260,261
276: 275,289,261,277,278,290
277: 262,263,261,276,278
278: 290,291,277,263,481,276
279: 264,265,481,280,293,292
280: 496,265,279,293,294
281: 295,294,496,282,451
282: 365,268,496,266,281,451
283: 284,394,270,269,383
284: 283,330,270,271,285
285: 271,272,296,284,330,286
286: 287,298,272,285
287: 286,274,298,299,288
288: 275,289,300,498,287,299
289: 275,276,288,300,473,290
290: 278,291,302,276,289,473
291: 278,290,302,481,292,303
292: 293,304,481,279,291,303
293: 304,292,305,279,280,294
294: 295,281,355,496,280,293,305
295: 281,294,355,451,344
296: 285,330,306,358
495: 100,101,118,486,119
298: 286,287,299,306,307
299: 287,298,288,300,307,308
300: 288,289,473,299,308,309
301: 311,310,473,302,309,438
302: 290,291,473,311,301,303
303: 311,291,302,304,292,312
304: 293,292,305,303,312,410
305: 293,304,294,355,410,460
306: 358,296,298,307,395
307: 395,354,298,299,306,308
308: 309,299,300,307,354
309: 308,438,300,473,301
310: 311,301,454,438,421
311: 310,301,454,303,302,312
312: 410,423,304,311,454,303
313: 381,424,335,459,402,428
314: 437,337,331
315: 380,435,391,419
316: 450,401,414,0,497,327
317: 421,454
318: 397,352,322,441
319: 412,461,372,345,436
320: 346,336,147,494,359,184
321: 344,340,462
322: 458,441,318
323: 409,407,413,333,379
324: 365,268,253,356,378,434
325: 448
326: 367,414,385,362,407
327: 478,1,316,414,497,9
328: 394,382
329: 396
330: 284,394,285,296,447
331: 314
332: 44,426,417,30,398,59
333: 422,379,413,375,323
334: 343,396,110,371
335: 313,381,424,387,391
336: 346,320,184,337,203
337: 373,336,314,203
338: 455,350,399
339: 429,368,351,442,6
340: 460,462,355,344,321
341: 
342: 369,406,375,429
343: 334,371
344: 390,451,295,340,321
345: 146,165,319,453,436
346: 320,336,359,437
347: 423,366
348: 418,7,30,31,398,18
349: 357,433,75,110,93,92
350: 383,455,338,254,399,269
351: 392,339,442,431
352: 397,318
353: 
354: 307,395,308,427,361
355: 295,294,305,460,340
356: 449,237,253,324,440
357: 349,452,433,110
358: 306,296,447
359: 147,445,446,346,320
360: 438,421
361: 354,438,403
362: 401,414,326
363: 380,412
364: 440,378,405
365: 282,268,324,451,434
366: 460,423,347
367: 414,326,409,1,2
368: 339,370,422,5,6
369: 342,457
370: 429,368,375,422
371: 466,110,343,334,445
372: 319,436
373: 337,221,203,411,388
374: 417
375: 406,342,333,370
376: 
377: 404
378: 440,364,324,434
379: 422,333,409,323,3,4
380: 363,315,419,412,461
381: 313,335,402
382: 383,455,394,328
383: 455,350,269,394,283,382
384: 393,201,202,237,220
385: 407,420,326
386: 418,448,417,398
387: 435,391,424,335,74,91
388: 238,399,373,221,411
389: 418,7,448,425,450
390: 451,344,416,434
391: 435,387,335,315
392: 351,458,457,429
393: 449,384,202,456,443
394: 283,330,383,382,328
395: 307,354,306,404,427
396: 329,334
397: 444,459,318,352
398: 30,386,418,348,332,417
399: 238,254,388,338,350
400: 404
401: 316,362
402: 459,313,381
403: 427,361
404: 377,400,395,427
405: 443,449,440,364
406: 375,342
407: 420,413,385,326,323
408: 446
409: 323,367,379,3,2
410: 312,423,304,305,460
411: 373,388
412: 319,461,380,363
413: 407,323,333
414: 367,326,362,316,327
415: 
416: 430,434,390
417: 332,386,374,398
418: 389,7,348,448,386,398
419: 109,128,435,380,315
420: 407,385
421: 317,310,454,360
422: 333,379,368,370,4,5
423: 312,410,366,347
424: 313,335,58,428,74,387
425: 450,389,448
426: 332,432,433,59
427: 403,395,354,404
428: 43,58,459,313,424
429: 339,370,342,392
430: 416
431: 16,29,441,351,442
432: 426,452
433: 349,452,357,426,75
434: 416,365,324,378,390
435: 387,391,91,109,419,315
436: 456,345,319,372,453
437: 314,346
438: 309,310,301,361,360
439: 
440: 378,364,449,356,405
441: 431,29,322,444,318
442: 15,6,339,351,16,431
443: 405,456,449,393
444: 397,29,441,477,43
445: 129,147,359,371
446: 359,408
447: 330,358
448: 389,418,325,425,386
449: 356,393,405,443,440
450: 316,425,389,0
451: 390,344,282,365,295,281
452: 357,433,432
453: 183,202,165,345,436
454: 311,310,312,421,317
455: 383,338,350,382
456: 436,393,443
457: 369,392
458: 322,392
459: 397,402,428,313
460: 340,366,305,355,410
461: 319,412,380,146
462: 340,321
466: 110,371,111,92,129
467: 177,195,196,480,213,214
468: 122,123,124,141,142
469: 169,149
470: 191,189,190,208,209,226
471: 60,77,78,45,61,62
472: 130,148,482,111,129,147,494,167
473: 289,300,290,302,309,301
474: 146,165,127,128,145,164
475: 98,117,97,116,135,136
476: 245,261,229,230,262
477: 42,28,29,444,43,57
478: 10,1,327,21,9,20
479: 112,113,94,130,132,131
480: 230,231,213,214,467,212
481: 264,279,263,278,291,292
482: 472,111,129
483: 151,132,150,114,133,152
484: 63,47,48,64,80
485: 88,87,71,105,106
496: 266,280,282,281,294
500: 39,40,54,26,14,25