508: 306,404,395,354,504,308
511: 83,37,50,36,518,592
2: 409,3,367,21,22
3: 409,379,2,4,22,23
4: 422,5,379,3,23,13
5: 422,4,368,6,13,25
6: 502,15,431,5,368,16,25
7: 389,9,18,418,32
566: 532,503,124,162,142,143
9: 478,497,524,7,513,32
10: 558,21
532: 503,566,180,143,179,602,199
536: 499,209,572,210,227
13: 38,24,4,5,23,25
14: 16,54,25
15: 502,6,431
16: 14,54,25,28,6,431,514
487: 486,120,159,547,489,140
18: 348,61,418,7,32,525
19: 32,584,524,558,34
592: 65,49,35,36,511,50
21: 35,567,10,558,2,36,22
22: 36,518,23,3,2,21
23: 22,518,3,4,13,24
24: 38,13,518,23,37,545
25: 500,16,14,54,5,6,38,13,53
484: 584,34,534
530: 590,236,235,252,251,517,282
28: 16,54,514,477,41,40
543: 233,512,231,467,535,212
30: 552,59,398,348,61,60
586: 243,575,551,275,287
32: 584,19,525,7,9,524,18
595: 161,141,142,143,160,120,159
34: 35,584,484,19,534,49
35: 34,567,21,36,49,592
36: 22,518,35,21,592,511
37: 83,511,518,24,52,545
38: 13,53,24,25,545
558: 327,10,478,524,19,567,21
40: 70,54,28,41,548
41: 477,28,40,548,42
42: 548,56,43,477,41,428,72
43: 477,444,397,459,428,42
521: 171,190,172,208,601,515
545: 571,52,38,53,24,37
498: 583,287,551,300,306,308
47: 534,63,579,584,525,62
588: 60,471,62,579,506
49: 64,65,592,34,35,534
50: 66,83,511,65,592
515: 207,223,521,170,208,209
52: 68,571,545,83,84,37
53: 38,500,54,25,571,545,69
54: 16,14,25,28,53,69,40
492: 79,546,116,582,78,506,96
56: 548,88,42,72
510: 564,215,517,217,216,233,512
58: 73,72,428,424,387
59: 426,30,432,332,398
60: 471,62,588,61,552,30
61: 348,18,525,30,60,62
62: 60,588,61,525,47,579
63: 534,47,579,64,79,516,80
64: 65,49,534,63,80,82
65: 64,49,592,66,50,82
66: 83,50,65,82,99,100
513: 389,450,401,9,497
68: 571,85,52,84,587,102
69: 70,86,53,54,571,85
70: 69,86,40,548,71
71: 548,88,70,86,599,105
72: 73,58,428,56,88,42,89
73: 58,72,387,91,89,126,491
523: 380,419,146,128,461
75: 93,94,426,76,433,349
76: 426,471,94,75,77
77: 95,78,506,76,471,94
78: 77,95,506,492,96
79: 492,546,516,63,579,506
80: 98,97,82,63,64,546
582: 492,116,96
82: 98,80,99,64,65,66
83: 66,84,511,37,50,52,100
84: 83,68,52,100,542,102
85: 68,571,69,86,587,104
86: 69,70,85,71,104,123
546: 492,79,116,516,80,97
88: 548,56,71,72,105,106,89
89: 491,88,73,72,106
567: 35,21,558
91: 387,73,126,108,435
92: 349,110,466,111
93: 113,94,75,349,111,130
94: 93,113,75,76,77,95
95: 77,78,113,94,131,96,598
96: 131,483,95,78,492,582,115
97: 98,80,546,116,556,526
98: 80,562,97,82,99,556
99: 98,562,82,66,100,118
100: 542,118,66,83,84,99
597: 183,181,180,201,218
102: 587,561,84,68,542
491: 89,580,126,144,73,106
104: 468,123,85,86,587,581
105: 106,125,124,162,88,71,599
106: 105,162,88,89,491,144
552: 30,60,471
108: 109,127,145,435,91,126
109: 108,127,435,419,128
110: 349,92,357,371,466,111
111: 129,466,349,110,92,93,130,472
525: 32,584,18,61,62,47
113: 93,94,95,130,148,598
483: 131,96,152,577,115,509
115: 133,522,96,483,152
116: 492,546,582,97,133,526
117: 137,489,562,118,585,475
118: 100,542,585,562,99,117
518: 36,22,23,24,511,37
120: 486,487,159,561,581,141,595
503: 532,566,180,162,144,181
506: 77,78,588,579,492,79
123: 468,104,599,86,124
124: 105,125,162,468,123,599,142,566
125: 105,124,162
126: 580,491,73,91,108,145
127: 109,108,145,345,474,128
128: 146,109,127,523,345
129: 466,111,359,445,472,494
130: 148,472,93,113,111
131: 96,598,483,577,95
561: 587,102,581,486,120
133: 115,522,554,116,526
134: 475,136,556,526,554,154
516: 79,546,63
136: 475,134,137,191,173,154,155
137: 489,117,475,136,547,155,157
593: 207,242,257
540: 356,570,578,384,220
140: 176,488,487,159,547,197
141: 142,595,581,468,120
142: 161,141,143,595,468,124,566
143: 161,142,160,595,532,566,179
144: 580,491,106,162,503,181
145: 108,127,580,126,474
146: 319,128,412,523,461
533: 293,280,279,355,305
148: 130,472,167,113,598,577,149
149: 148,167,577,169,509
599: 468,123,71,105,124
570: 540,237,356,578,324,236
152: 483,115,522,560,187,509,190
524: 9,478,558,32,19
154: 172,191,601,136,134
155: 193,157,136,137,191
548: 56,88,71,42,41,70,40
157: 195,155,193,137,547,176
564: 510,251,517,233,250,553
159: 487,120,160,595,490,140,197
160: 161,143,595,490,159,197,198,179
161: 142,143,160,595
162: 105,106,125,124,144,503,566
577: 131,598,483,148,149,169,509
164: 183,181
568: 602,559,199,220,218,590,578
494: 537,541,129,359,472,596
167: 148,472,149,596
556: 475,134,526,98,562,97
169: 205,187,509,577,149,186
170: 190,187,222,223,515
171: 521,601
172: 572,191,154,208,601,521
173: 191,136
591: 496,266,280,281,294
573: 263,249,535,231,600
176: 467,488,140,547,195,157
560: 187,152,190
509: 169,187,483,152,577,149
179: 198,143,160,532,602,559
180: 532,503,597,181,199,218
181: 597,183,164,580,144,503,180
531: 429,392,458,339,502,442
183: 597,181,164,474,453,538,201
526: 134,556,116,97,133,554
185: 337,336,537,541,204,373
186: 204,169,221
187: 560,169,205,509,152,190,170,222
559: 602,568,198,217,179,590,235
578: 540,570,568,220,590,236
190: 521,170,152,522,560,187
191: 172,572,173,154,210,136,155,193
486: 487,120,585,561,489
193: 195,155,157,191,210,211
489: 137,117,585,486,487,547
195: 193,157,176,467,211,212
196: 488,216,512
197: 198,216,159,160,490,488,140
198: 197,217,216,179,160,559
199: 602,568,532,180,218
590: 236,530,235,559,568,578
201: 384,220,538,218,597,183
202: 456,443,393,453,384,538
542: 100,118,585,84,102
204: 186,541,185,221,373
205: 169,187,221,222,555
553: 250,265,233,231,564,576,249
207: 593,223,240,515,209,242,257
208: 172,572,521,515,209
209: 499,536,242,572,208,207,515
210: 572,191,193,536,211,227
211: 227,229,212,210,195,193
212: 211,535,195,467,543
514: 477,444,431,351,16,28
598: 131,577,113,95,148
215: 510,233,512
216: 197,198,217,196,488,512,510
217: 198,216,559,510,517,235
218: 220,201,180,597,568,199
488: 176,467,196,140,197,216,512
220: 384,201,218,568,540,578
221: 388,373,204,186,205,555
222: 239,555,205,187,170,223
223: 207,240,515,170,222,239
541: 537,494,204,596,185
504: 309,308,508,354,361
534: 63,47,584,484,34,64,49
227: 211,229,228,210,536
228: 227,229,499,476,275
229: 211,227,535,228,476,600
585: 542,118,489,117,486
231: 233,543,535,573,249,553
551: 261,275,586,498,287,529
233: 512,543,231,564,215,510,553
547: 487,137,489,157,176,140
235: 590,530,217,559,517
236: 590,530,252,237,570,578
237: 570,324,236,252,563,365
238: 239,555,388,411,399,255
239: 222,555,238,223,240,255
240: 207,223,239,255,544,257
544: 257,565,240,270,255,383
242: 499,209,207,593,258,257
243: 586,499
576: 278,249,574,265,553,264,279
502: 15,6,431,429,531,368,442
497: 9,478,401,316,513
490: 160,159,197
587: 561,102,581,68,85,104
249: 573,278,263,576,231,553
250: 574,265,266,553,564,251
251: 564,517,530,250,266,282
252: 236,530,237,496,282,365
535: 229,212,543,231,600,573
569: 264,290,291,278,276,289
255: 270,399,239,238,240,544
589: 583,287,575,286,259
257: 258,544,565,207,593,240,242
258: 257,565,242,575,259
259: 286,284,383,258,565,575,589
555: 222,239,238,205,388,221
261: 551,476,275,600,263,276,529
522: 133,115,554,152,190,601
263: 573,278,249,261,600,276
264: 291,569,278,576,293,279
265: 250,574,553,576
266: 250,574,251,496,282,591,280
499: 536,209,242,228,243
268: 451,563,378,434,416
574: 250,265,266,576,280,279
270: 399,255,350,544,383
581: 587,561,468,104,120,141
594: 310,302,304,410,311
579: 63,47,62,588,506,79
580: 126,491,144,145,181
275: 551,476,261,228,586
276: 529,289,261,278,263,569
562: 98,99,118,475,556,117
278: 263,576,249,276,264,569
279: 293,280,533,576,574,264
280: 533,279,574,266,591,294
281: 344,294,496,591,451,365,390
282: 496,251,530,252,266
529: 300,276,289,551,261
284: 286,383,259
565: 258,544,257,383,259
286: 330,284,296,259,583,589
287: 498,583,589,575,586,551
537: 541,494,359,320,185,336
289: 300,276,529,290,569,309
290: 291,569,289,309,302,301
291: 264,290,569,293,302,304
575: 586,258,259,287,589
293: 533,279,264,291,304,305
294: 344,281,591,280,355
512: 233,543,467,196,488,216,215,510
296: 286,330,583,358,306,404
584: 32,484,19,525,34,534,47
538: 384,201,183,453,202
572: 172,191,208,210,536,209
300: 529,289,498,309,308
301: 310,302,438,290,309
302: 594,310,301,290,291,304
563: 451,268,365,237,324
304: 410,305,291,293,594,302
305: 304,410,460,293,533,355
306: 404,508,296,498,583,308
554: 133,522,134,526,601
308: 504,309,498,300,306,508
309: 504,308,300,289,290,301
310: 594,302,301,438,421,311
311: 421,594,310,423,454
500: 25,53
313: 335,381,352,459,424
314: 388,373,337,331,411,353
315: 363,391,435,419
316: 362,385,414,478,497,327
317: 421,360
318: 352,441
319: 146,412,456,436
320: 408,537,346,336
321: 390,430,344,340,341
322: 351,441,339
323: 413,326,333,375,409,379
324: 237,356,570,440,563,378
325: 448,417
326: 323,413,414,407,367,409
327: 367,558,316,414,478
328: 447,382
329: 332,452,396,432
330: 286,296,394,447,358
331: 337,437,314,353
332: 398,417,374,329,59,432
333: 375,370,323,379,422
334: 396,371,357
335: 381,313,424,391
336: 337,437,185,320,537,346
337: 437,185,336,373,314,331
338: 411,353,399,350
339: 457,531,458,322,442
340: 462,355,344,321,460
341: 321,462
342: 370,406,429,392
343: 371,445
344: 281,294,390,321,340
345: 474,453,127,128,456
346: 320,336
347: 366
348: 18,61,418,398,386,30
349: 110,92,357,433,93,75,111
350: 270,399,338,455,382
351: 441,322,442,431,514,444
352: 318,402,397,459,313
353: 411,338,314,331
354: 508,395,504,376,403,361
355: 533,294,305,460,340
356: 540,570,324,393,440
357: 349,110,334,452,433
358: 377,400,330,296,447,404
359: 129,446,445,408,537,494
360: 403,317
361: 403,354,504,438
362: 401,415,316,385
363: 315,380,419
364: 378,434
365: 451,563,252,237,496,281
366: 347,462,423
367: 327,414,326,409,2
368: 422,5,370,429,502,6
369: 392,458
370: 333,342,429,422,368
371: 343,334,110
372: 449,405
373: 388,221,314,204,337,185
374: 332,417
375: 333,406,323
376: 395,354,403
377: 358,400,447
378: 364,324,440,268
379: 409,3,323,333,422,4
380: 419,523,363
381: 335,313
382: 394,350,328
383: 284,259,270,544,565,394
384: 220,538,201,202,393,540
385: 414,407,362,316
386: 398,417,448,348,418
387: 391,91,424,73,58
388: 221,373,314,555,238,411
389: 7,448,425,513,418
390: 416,430,321,451,344,281
391: 387,335,315,435
392: 429,531,458,369,342
393: 443,202,384,356,449
394: 382,330,383,447
395: 404,508,354,400,376
396: 452,329,334
397: 459,441,352,43,444
398: 332,386,417,348,59,30
399: 270,255,350,238,411,338
400: 358,377,404,395,427
401: 362,415,450,513,497
402: 352
403: 360,361,354,376
404: 306,508,395,296,358,400
405: 449,440,372
406: 375,342
407: 385,414,413,326
408: 320,446,359
409: 379,3,2,323,326,367
410: 304,305,460,594,423
411: 338,353,388,314,238,399
412: 146,319,461
413: 323,326,407
414: 385,407,316,326,327,367
415: 401,362
416: 390,430,451,268,434,439
417: 332,398,386,325,374
418: 348,18,7,448,389,386
419: 380,523,315,363,109,435
420: 
421: 317,311,310,438,454
422: 4,5,368,333,370,379
423: 454,410,311,366
424: 459,428,335,313,58,387
425: 448,389,450
426: 76,59,432,433,75
427: 400
428: 459,424,43,42,58,72
429: 531,392,342,370,368,502
430: 390,416,321,439
431: 502,15,6,351,442,16,514
432: 426,59,433,329,332,452
433: 426,432,452,349,357,75
434: 364,268,416,439
435: 109,108,391,91,315,419
436: 319,456,443
437: 337,336,331
438: 310,301,361,421
439: 434,416,430
440: 449,405,356,324,378
441: 351,322,318,444,397
442: 351,531,339,502,431
443: 202,393,436,449
444: 43,514,477,351,441,397
445: 446,343,129,466,359
446: 445,359,408
447: 328,394,330,358,377
448: 389,425,325,386,418
449: 440,405,443,393,372
450: 401,425,513
451: 268,563,365,281,390,416
452: 396,329,432,433,357
453: 345,474,183,538,456,202
454: 423,421,311
455: 350
456: 202,345,453,319,436
457: 339,458
458: 531,392,369,457,339
459: 397,428,424,352,43,313
460: 410,305,355,340,462
461: 523,146,412
462: 340,460,341,366
466: 129,111,110,92,445
467: 176,488,195,212,512,543
468: 104,123,599,581,124,141,142
517: 564,510,251,217,530,235
583: 498,287,589,286,296,306
471: 60,588,552,76,77
472: 130,148,167,129,111,494,596
496: 282,591,252,266,365,281
474: 345,453,127,145,183
475: 136,134,556,562,137,117
476: 261,275,600,229,228
477: 43,514,444,41,28,42
478: 9,497,524,316,327,558
571: 68,85,52,545,53,69
596: 472,167,541,494
600: 476,261,535,229,573,263
601: 172,154,522,554,521,171
602: 559,568,199,532,179