508: 306,404,354,395,427
511: 22,34,637,36,21,592,50,653
2: 367,316,414,3,637,21
3: 409,379,4,2,414,637
4: 379,3,619,637,22,641
5: 38,13,422,6,368,25
6: 502,431,368,5,16,25
7: 389,425,524,18,418,32
566: 503,645,142,124,595,143
9: 327,478,524,497,389
618: 109,419,461,380,523
596: 650,185,472,167,657,373
612: 616,89,58,387,91,126
13: 38,24,5,619,422,641
615: 52,23,24,545,83,37
605: 167,148,113,111,93,130
16: 28,25,54,431,6,514
487: 633,547,627,159,140
18: 348,61,418,7,32,525
19: 32,558,327,524,367
592: 49,626,34,511,50
21: 34,637,36,367,2,558,511
22: 23,641,511,4,637,653
23: 22,641,24,37,653,615
24: 38,13,545,23,641,615
25: 16,54,6,38,53,5
602: 218,568,199,645,198,179
530: 235,651,251,282,252
28: 16,54,514,477,40
543: 233,652,212,535,231
475: 617,134,562,137,117,154,136
586: 648,228,275,476,640
32: 525,19,7,524,18
595: 160,143,159,120,141,142,566
34: 21,47,558,511,592,49
638: 421,628,311,310,454
36: 637,21,511
37: 649,83,50,653,23,615
38: 13,53,24,545,5,25
558: 584,19,47,367,34,21
40: 69,86,70,28,54
41: 42
42: 548,41,656,43,477,428
43: 477,444,397,459,42,428
521: 170,190,172,522,154,208,515
545: 38,53,24,615,52
498: 300,635,275,289,308,287
47: 558,34,534,623,49
588: 631
49: 64,592,626,47,34,534
50: 649,37,653,511,592,626,66
515: 207,223,521,170,208,209
52: 68,571,615,611,545,83,69
53: 38,545,25,54,69
54: 28,16,25,53,69,40
492: 79,546,78,506,96
627: 487,547,489,157,176,140
510: 564,517,216,217,233,512
58: 428,424,459,387,612,89
59: 433,432,398,348,60,426
60: 631,426,348,61,59
61: 348,18,525,60,62,631
62: 631,61,525,623,579
63: 534,579,64,79,546,80
64: 49,626,534,63,80,65
65: 98,80,99,64,626,66
66: 626,649,50,99,65,100
513: 450,325,497,389,425
68: 571,52,611,83,102,587,561
69: 40,86,53,54,571,52
70: 40,86,656,71,608
71: 468,123,86,70,608,599
72: 548,428,88
641: 23,22,4,619,13,24
523: 128,604,109,618,461
645: 199,503,566,143,179,602
76: 93,639,643,433,452,349
77: 95,78,506,639,643
78: 77,95,506,492,131,96
79: 492,546,63,579,506
80: 98,65,63,64,546,97
626: 64,592,49,66,50,65
478: 327,9,362,385,316
83: 649,37,68,615,52,611,102
632: 604,319,345
476: 586,228,622,229,642,640
86: 69,40,70,571,123,71
546: 492,79,97,63,80
88: 105,608,548,72,89,106
89: 616,612,106,58,88
616: 144,612,491,89,106,126
91: 435,126,391,387,612
600: 609,642,640,289,535,249,624,263
93: 76,643,349,111,605,113
634: 212,195,211,467,652
95: 77,78,643,113,131,598
96: 133,78,492,131,115
97: 546,98,80,556,526,617
98: 80,562,99,65,556,97,617
99: 98,562,65,66,100,118
100: 542,118,102,66,649,99
597: 183,181,180,453,538,201
102: 100,542,649,83,68,561
491: 144,616,126,474,183,181
637: 36,21,2,3,4,22,511
105: 608,124,162,599,88,106
106: 144,616,89,105,162,88
624: 553,535,249,574,231,600,263,278
646: 565,499,648,259,286,589
109: 419,618,435,127,523,604
614: 198,179,216,217,160,197
111: 357,349,93,466,130,605
525: 32,18,61,62,623
113: 148,605,93,643,95,598
483: 131,115,598,149,152
115: 131,483,133,603,96,152
635: 300,498,290,263,289,276
117: 137,489,585,562,118,475
118: 100,542,562,99,117,585
643: 93,76,639,77,95,113
120: 595,159,141,581,607,633
503: 199,566,645,625,124,162
506: 77,78,471,631,492,79
123: 468,607,71,571,86,587
124: 105,162,599,142,503,566
607: 468,123,587,581,120
126: 91,145,474,616,612,491
127: 435,474,109,345,604
128: 523,461,146,412
129: 466,446,130
130: 129,466,446,111,167,605,472
131: 115,598,483,95,78,96
561: 587,486,581,68,542,102
133: 603,526,96,522,115
134: 475,617,526,522,154
606: 302,438,304,594,628,310
136: 154,210,191,475,137,193
137: 489,117,475,136,157,193
620: 280,533,279,574,647,266,576
540: 384,201,220,654
140: 176,488,197,487,627,159
141: 595,120
142: 468,124,599,595,566
143: 160,595,566,645,179
144: 616,491,106,162,625,181
145: 126,474
146: 461,128
533: 280,620,279,460,305,355
148: 167,605,113,598,149,204
149: 598,483,148,204,169,509
599: 105,608,124,468,142,71
570: 324,356,654,590,236,237
152: 187,115,483,603,190
524: 327,9,7,389,32,19
154: 191,136,522,475,134,521,172
630: 235,651,655,568,559
548: 72,42,656,428,608,88
157: 195,193,137,489,627,176
564: 517,510,233,553,231,250
159: 160,595,120,633,487,140,197
160: 595,143,159,197,614,179
623: 534,579,525,47,62
162: 105,124,144,106,503,625
648: 499,586,228,275,646,589
604: 632,523,319,127,109,345
568: 602,220,198,630,655
494: 650,472,359,446,320
167: 148,605,130,596,472,657,204
556: 98,97,617
169: 657,204,373,149,205,388
170: 521,190,187,222,515,223
611: 68,52,83
172: 521,522,154
608: 105,599,88,70,548,656,71
625: 199,503,162,144,181,180
656: 548,42,70,608
176: 467,140,488,627,195,157
652: 233,512,543,467,634,212
509: 149
179: 614,198,160,143,645,602
180: 597,181,199,625,218,201
181: 597,183,180,144,491,625
531: 339,458
183: 597,181,491,474,453
526: 133,522,97,617,134
185: 596,650,373,337,537,314
628: 421,638,360,606,438,310
187: 152,205,170,190,222
559: 517,198,217,235,630
571: 68,52,69,86,587,123
190: 521,170,603,152,187
191: 154,210,136,208,572
486: 561,581,542,585,633,547
193: 195,157,211,137,210,136
489: 137,117,585,547,627,157
195: 157,193,211,176,467,634
633: 487,547,486,581,159,120
197: 140,488,160,159,614,216
198: 614,179,217,602,568,559
199: 503,645,625,180,602,218
590: 236,651,655,220,570,654
201: 384,538,540,597,180,218
202: 443,456,393,453,384,538
542: 100,118,102,561,486,585
204: 657,169,167,148,149
205: 187,169,388,222,610
553: 624,574,231,564,250,647
207: 515,223,240,242,209,257
208: 191,521,515,209,572
209: 242,622,572,208,207,515
210: 191,136,193,211,227,572
211: 195,193,210,227,634
212: 229,634,543,652,642,535
514: 477,444,431,351,28,16
598: 131,483,149,95,148,113
609: 600,642,640
216: 614,217,488,197,512,510
217: 614,198,216,517,510,559
218: 602,220,199,180,201
488: 176,467,140,197,216,512
220: 218,568,540,590,655,654
649: 83,37,50,66,100,102
222: 239,610,205,187,170,223
223: 207,515,240,170,222,239
631: 60,471,62,588,426,61,506
504: 309,354,308
534: 63,623,579,47,64,49
227: 622,572,210,211,229
228: 499,648,586,476,242,622
229: 212,622,227,476,642
585: 489,117,542,118,486,547
231: 553,535,624,233,543,564
477: 43,514,444,28,42
233: 512,543,652,564,510,231
547: 633,487,627,486,489,585
235: 630,651,530,517,559,251
236: 590,651,570,252,365,237
237: 365,563,236,324,570
238: 239,610,411,399,644,255
239: 222,238,610,223,240,255
240: 207,223,239,255,544,257
544: 565,257,383,240,270,255
242: 622,209,207,257,499,228
617: 475,134,97,98,562,556,526
576: 574,620
502: 431,6,429,368,636,442
497: 362,513,401,9
610: 222,239,238,205,411,388
587: 561,581,68,571,123,607
249: 535,624,600
250: 647,251,266,564,517,553
251: 250,266,517,235,530,282
252: 496,282,236,651,530,365
535: 249,624,231,212,543,600,642
642: 609,600,640,229,212,476,535
255: 270,644,239,238,240,544
589: 583,287,286,646,648,275
257: 565,544,207,240,242,499
639: 76,643,433,426,77
259: 394,330,565,383,646,286
644: 270,255,350,238,399
650: 596,494,185,472,320,537
522: 133,603,526,134,521,172,154
263: 635,600,289,624,276,278
264: 293,291,276,278,279
619: 379,4,422,333,641,13
266: 250,647,251,282,281,280,620
499: 648,228,242,565,257,646
268: 364,378,451,563,416,434
574: 553,624,647,576,278,620
270: 644,255,350,544,383,382
581: 587,561,486,607,633,120
594: 304,410,366,606,423,310
579: 534,63,623,62,79
474: 127,145,126,491,183,345
275: 648,586,640,289,287,589,498
276: 264,291,278,290,635,263
562: 98,99,118,475,617,117
278: 264,276,624,574,263
279: 620,533,305,264,293
280: 620,533,266,281
281: 496,282,266,280,344,355
282: 496,281,252,530,251,266
636: 392,339,502,429,442
622: 242,209,227,572,229,228,476
565: 544,257,383,646,499,259
286: 583,589,646,330,259,296
287: 308,583,589,275,498
537: 336,337,320,650,185,346
289: 600,640,275,498,635,263
290: 300,635,291,276,309,301
291: 264,293,276,290,301,302
647: 250,266,553,574,620
293: 264,291,279,305,302,304
651: 590,236,235,630,655,530,252
512: 233,652,467,488,216,510
296: 306,404,330,583,286,358
584: 558
538: 384,201,597,453,202
572: 622,209,227,210,191,208
300: 498,290,635,308,309
301: 302,438,290,291,309,361
302: 606,301,438,293,291,304
563: 451,237,324,378,268
304: 410,594,293,305,606,302
305: 533,279,460,293,304,410
306: 404,508,296,308,583
640: 609,600,642,289,586,275,476
308: 583,287,300,498,306,504
309: 504,361,354,300,290,301
310: 423,311,606,594,638,628
311: 423,310,638,454
603: 133,522,115,152,190
313: 397,459,352,402,424
314: 353,411,388,185,373,337
315: 363,381,391,435,419
316: 367,2,414,385,327,478
317: 403,421
318: 441,457,322
319: 632,604,345,456,436,412
320: 408,650,494,346,537
321: 430,439,390,344,340,341
322: 351,442,339,457,318,441
323: 375,409,379,333
324: 570,356,440,563,237,378
325: 450,513,425
326: 385,407,413,414,409
327: 478,524,9,367,316,19
328: 382,455,394,447
329: 334,332,432,452
330: 394,259,447,286,358,296
331: 338,399,353,437
332: 398,329,432
333: 422,370,323,375,379,619
334: 329,396,452,357
335: 391,387,402,381
336: 337,537,437
337: 336,537,185,314,437
338: 331,350,455
339: 531,457,636,322,442
340: 344,355,460,321,462
341: 439,321
342: 375,369,392,370,429
343: 445,359,408
344: 355,340,496,281,390,321
345: 453,127,474,632,604,319,456
346: 320,537
347: 366
348: 18,61,418,398,386,59,60
349: 357,111,452,93,76
350: 270,644,338,399,382
351: 322,442,431,441,514,444
352: 397,313,441
353: 314,411,437,331,399
354: 504,309,361,508,376
355: 344,340,281,533,460
356: 324,570,654,384,393,440
357: 349,111,334,371,466
358: 400,330,447,377,404,296
359: 445,343,446,408,494
360: 421,628,361,438,376
361: 309,354,301,438,376,360
362: 497,415,478
363: 315,419
364: 378,268,405,434
365: 451,390,237,236,496,252
366: 410,594,462,423,347
367: 2,316,327,19,558,21
368: 502,6,429,422,370,5
369: 342,392
370: 422,333,375,342,429,368
371: 357,445,466
372: 443,436,449
373: 657,169,596,185,314,388
374: 386,417
375: 406,342,323,333,370
376: 403,361,354,427,360
377: 358,400
378: 364,268,324,440,405,563
379: 409,3,4,619,323,333
380: 461,618
381: 315,335
382: 328,270,350,383,394
383: 565,544,270,382,394,259
384: 538,540,201,202,393,356
385: 407,326,415,478,316,414
386: 398,374,448,348,418
387: 391,335,58,424,612,91
388: 314,411,169,373,205,610
389: 7,425,513,524,9
390: 451,365,496,344,430,321
391: 335,387,315,435,91
392: 636,369,342,429
393: 202,443,384,356,449,440
394: 330,259,447,383,382,328
395: 400,404,508
396: 334
397: 459,313,352,441,43,444
398: 386,332,348,59,432
399: 331,353,411,238,644,350
400: 358,377,404,395
401: 450,497
402: 313,424,335
403: 376,427,317
404: 306,508,296,358,400,395
405: 449,440,364,378
406: 375,420
407: 385,326,415,413
408: 320,343,359
409: 379,3,326,323,414
410: 304,594,366,460,305,462
411: 353,314,388,238,610,399
412: 436,128,319
413: 420,407,326
414: 2,316,385,326,409,3
415: 385,407,362
416: 434,451,268,430
417: 448,374
418: 348,18,448,7,386
419: 109,618,363,315,435
420: 413,406
421: 638,628,360,317
422: 333,370,619,368,13,5
423: 311,310,594,366
424: 58,459,313,402,387
425: 7,389,325,513,448
426: 60,471,631,433,59,639
427: 508,376,403
428: 58,43,459,548,72,42
429: 502,368,342,392,636,370
430: 439,321,451,390,416
431: 502,6,351,442,16,514
432: 433,59,452,332,398,329
433: 59,432,452,426,76,639
434: 416,364,268
435: 91,127,391,315,109,419
436: 412,319,443,456,372
437: 336,337,353,331
438: 606,301,302,361,628,360
439: 430,321,341
440: 449,405,393,324,356,378
441: 318,351,322,444,397,352
442: 351,322,636,339,502,431
443: 202,456,393,436,449,372
444: 43,514,477,351,441,397
445: 343,359,371,466,446
446: 129,466,130,445,359,494,472
447: 394,330,328,358
448: 417,425,386,418
449: 440,405,443,393,372
450: 513,401,325
451: 365,563,390,268,430,416
452: 433,432,329,334,349,76
453: 345,597,183,538,202,456
454: 638,311
455: 338,328
456: 202,443,345,453,319,436
457: 339,322,318
458: 531
459: 397,313,43,428,58,424
460: 533,305,355,340,410,462
461: 380,618,523,128,146
462: 460,340,410,366
466: 129,446,130,371,357,111,445
467: 176,488,195,634,512,652
468: 142,123,607,71,599
517: 564,510,559,217,235,250,251
583: 308,287,286,589,306,296
471: 631,426,506
472: 596,650,494,446,130,167
496: 282,281,252,365,390,344
653: 37,50,23,22,511
654: 570,356,220,540,590
655: 590,630,651,568,220
657: 204,169,373,167,596