508: 306,395,427
511: 34,637,21,22,653,592
2: 414,367,316,3,637,21
3: 409,379,4,414,2,637
4: 379,3,619,637,22
5: 38,422,25
6: 16,25,502,368,431
7: 389,425,448,18,418,32
566: 143,142,124,503,645
9: 327,513,497,478,389
618: 109,419,363,380,461,523
596: 650,185,472,167,657,373
612: 616,89,126,58,387,91
13: 38,24,619,422,333,641
615: 52,23,24,545,83,37
605: 167,148,113,111,93,130
16: 28,25,54,6,431,514
487: 633,547,627,159,140,197
18: 61,418,7,32,525
19: 32,558,667,327,367
592: 49,626,34,511,653,50
21: 34,637,511,2,367,558
22: 23,653,4,637,511
23: 22,653,24,37,615
24: 38,13,545,23,615
25: 16,54,6,38,53,5
602: 218,568,220,199,645,179
530: 235,252,251
28: 16,54,514,477,40
543: 233,652,670,231,535
475: 617,134,562,137,117,136
586: 648,228,476,640,275
32: 525,19,667,7,389,327,524,18
595: 120,142
34: 511,21,47,558,592,49
638: 421,628,311,310,454
659: 435,91,474
37: 649,83,50,23,653,615
38: 13,53,24,545,5,422,25
558: 19,47,667,367,34,21
40: 69,86,70,28,54
667: 32,584,525,19,47,558,623
42: 548,656,43,477,428
43: 477,444,397,459,42,428
521: 170,190,172,208,522,154,191
545: 38,53,24,615,52
498: 300,635,289,287,275
47: 584,558,667,34,534,623,49
660: 306,308,404,583,287,296
49: 64,592,626,47,34,534
50: 649,37,653,592,626,66
515: 207,223,170,666,208,209
52: 68,571,615,53,545,83,69
53: 38,545,25,54,52,69
54: 28,16,25,53,69,40
492: 79,546,662,78,506,133,96
627: 487,547,489,157,176,140
510: 564,658,216,217,233,512
58: 428,424,548,387,612,89
59: 433,398,348,60,426
60: 62,426,631,348,61,59
61: 348,18,418,525,60,62
62: 60,631,61,525,623,579
63: 534,579,64,79,662,80
64: 49,626,534,63,80,65
65: 98,80,99,64,626,66
66: 626,649,50,99,65,100
513: 664,661,497,389,9
68: 571,52,83,102,587,561
69: 40,86,53,54,571,52
70: 40,86,656,71,608
71: 468,599,123,86,70,608
658: 564,517,559,510,217,233
641: 619,13
523: 604,109,618,461,128
645: 199,503,143,566,179,602
76: 93,639,643,433,452,349
77: 95,78,506,426,639,643
78: 77,95,506,492,131,96
79: 492,662,631,63,579,506
80: 98,65,97,63,64,546,662
626: 64,592,49,66,50,65
478: 497,362,385,415,9
83: 649,37,68,615,52,102
655: 630,668,590,220,540,654
476: 586,228,622,229,640,642
86: 69,40,70,571,123,71
546: 492,662,80,97,133
88: 105,608,106,548,656,89
89: 616,612,548,58,88,106
616: 144,612,491,89,126,106
91: 435,474,659,391,387,612,126
600: 640,642,624,535,263,289
93: 76,643,349,111,605,113
634: 229,212,669,211,652
95: 77,78,643,113,131,598
96: 133,665,78,492,131,115
97: 98,80,546,133,526,617
98: 80,562,99,65,97,617
99: 98,562,65,66,100,118
100: 542,118,102,66,649,99
597: 180,181,663,453,201,538
102: 100,542,649,83,68,561
491: 144,616,126,181,663,183
637: 511,21,2,3,4,22
105: 608,124,162,88,106,599
106: 105,162,88,144,616,89
624: 553,231,535,600,263,278
646: 499,648,565,259,286,589
109: 419,618,435,127,523,604
614: 198,179,217,160,216,197
111: 357,349,93,130,466,605
525: 32,667,18,61,62,623
113: 148,605,93,643,95,598
483: 131,598,115,204,152,149
115: 131,483,603,665,96,152
635: 300,498,290,263,289,276
117: 137,489,585,562,118,475
118: 100,542,562,99,117,585
643: 93,76,639,77,95,113
120: 595,159,142,468,607,633
503: 199,625,645,124,162,566
506: 77,78,471,426,631,492,79
123: 468,607,71,571,86,587
124: 105,162,599,142,566,503
607: 468,123,587,581,633,120
126: 616,612,491,91,474,183
127: 435,474,109,345,183,604
128: 146,523,412
657: 169,373,167,148,204,596
130: 466,446,111,167,605,472
131: 483,598,115,95,78,96
561: 587,486,581,68,542,102
133: 526,665,96,492,546,97
134: 475,617,526,522,154,136
606: 302,438,304,594,628,310
136: 154,191,671,475,134,137,193
137: 489,117,475,136,157,193
620: 280,533,279,647
540: 384,201,218,220,655,654
140: 467,488,197,487,627,176
668: 655,235,630,651,590
142: 595,120,566,468,599,124
143: 160,566,645,179
144: 616,491,162,106,625,181
661: 450,513,664,425
146: 128,461
533: 620,279,460,355,305
148: 167,605,113,204,598,657
149: 152,509,205,187,204,483,169
599: 468,71,105,608,124,142
570: 324,356,654,590,365,237
152: 187,149,483,115,603,190
524: 389,32
154: 191,136,522,134,521,172
630: 655,235,668,198,568,559
548: 42,656,428,58,88,89
157: 195,193,176,137,489,627
564: 517,658,510,233,553,231,250
159: 160,120,633,487
160: 143,159,197,614
623: 534,579,525,47,667,62
162: 105,124,106,144,503,625
648: 499,586,228,646,589,275
604: 319,523,127,109,345
568: 602,220,198,179,630
494: 650,472,320,359
167: 148,605,130,596,472,657
665: 133,603,526,522,96,115
169: 657,388,373,204,205,149
170: 521,190,666,208,515
666: 170,190,187,222,515,223
172: 521,522,154
608: 105,88,70,656,599,71
625: 199,503,162,144,180,181
656: 548,42,70,608,88
176: 195,157,669,627,467,140
652: 233,512,543,670,467,634,212
509: 205,187,149
179: 614,198,143,645,602,568
180: 597,181,199,625,218,201
181: 597,180,663,144,491,625
531: 339,392
183: 345,453,491,126,127,474,663
526: 133,665,522,97,617,134
185: 596,650,373,337,537,314
628: 421,638,360,606,438,310
187: 152,509,205,149,190,666,222
559: 517,658,198,217,235,630
571: 68,52,69,86,587,123
190: 521,170,666,603,152,187
191: 154,210,136,671,521,208,572
486: 561,581,542,585,633,547
193: 195,157,211,137,210,136,671
489: 137,117,585,547,627,157
195: 157,193,669,211,176
633: 487,547,486,581,607,159,120
197: 216,140,488,487,160,614
198: 614,179,217,568,559,630
199: 503,625,645,180,602,218
590: 655,236,651,668,570,654,365
201: 384,540,538,597,180,218
202: 443,393,453,456,538
542: 100,118,102,561,486,585
204: 148,483,598,657,169,149
205: 509,187,149,388,169,222,610
553: 574,231,624,564,250,647
207: 515,223,240,242,209,257
208: 521,170,191,515,209,572
209: 242,622,572,208,207,515
210: 191,671,193,211,227,572
211: 195,193,669,210,227,229,634
212: 229,634,652,670,642,535
514: 477,444,431,351,28,16
598: 131,483,95,148,113,204
664: 450,513,401,661,497
216: 488,197,614,217,512,510
217: 614,198,216,658,559,510
218: 602,220,199,180,201,540
488: 216,467,140,197,512
220: 602,218,568,540,655
649: 83,37,50,66,100,102
222: 239,610,205,187,666,223
223: 207,515,240,666,222,239
631: 60,471,62,426,579,506,79
504: 309,354,308
534: 63,623,579,47,64,49
227: 622,572,210,211,229
228: 499,648,586,476,242,622
229: 634,212,211,227,476,642
585: 489,117,542,118,486,547
231: 553,624,535,233,543,564
477: 43,514,444,28,42
233: 512,543,652,564,658,510,231
547: 633,487,627,486,489,585
235: 630,651,668,530,517,559,252,251
236: 651,590,365
237: 451,324,570
238: 239,255
239: 222,238,610,223,240,255
240: 207,223,239,255,544,257
544: 565,257,383,240,270,255
242: 622,209,207,257,499,228
617: 475,134,98,562,97,526
663: 597,181,491,453,183
502: 429,636,368,431,442,6
497: 362,478,513,401,664,9
610: 222,239,388,205,411
587: 561,581,68,571,123,607
662: 492,79,546,63,80
250: 647,266,564,517,553,251
251: 282,252,517,235,530,250,266
252: 496,282,251,235,651,530,365
535: 231,624,212,543,670,600,642
642: 640,600,229,212,476,535
255: 270,644,239,238,240,544
589: 583,287,275,648,646,286
257: 565,544,207,240,242,499
639: 76,643,433,426,77
259: 394,330,286,565,383,646
644: 270,255,350,399
650: 596,494,185,320,537
522: 603,526,665,134,521,172,154
263: 635,289,600,624,276,278
264: 276,278,291,279,293
619: 379,4,333,641,13
266: 250,647,282,281,251
499: 648,228,646,242,565,257
268: 416,378,563,364,434
574: 553,647,278
270: 644,255,350,544,383,382
581: 587,561,486,607,633
594: 304,410,366,606,423,310
579: 534,63,623,62,631,79
474: 435,91,127,659,126,183
275: 589,287,648,586,640,498,289
276: 264,278,291,290,635,263
562: 98,99,118,475,617,117
278: 264,276,574,624,263
279: 620,533,264,293,305
280: 620
281: 496,282,266,344,355
282: 496,281,252,251,266
636: 502,429,392,339,442
622: 242,209,227,572,228,476
565: 544,257,383,499,646,259
286: 330,259,646,589,583,296
287: 589,583,275,300,498,308,660
537: 336,337,320,650,185,346
289: 498,635,263,640,600,275
290: 300,635,276,291,309,301
291: 264,276,290,301,302,293
647: 250,266,553,574,620
293: 302,264,291,279,304,305
651: 236,235,668,590,252,365
512: 233,652,216,467,488,510
296: 358,330,286,583,660,404
584: 47,667
538: 384,201,597,453,202
572: 622,209,227,208,210,191
300: 498,290,635,287,308,309
301: 302,438,290,291,309,361
302: 606,301,438,293,291,304
563: 416,268,378,324,451
304: 410,594,305,606,302,293
305: 304,410,533,279,460,293
306: 308,508,660,404,354,395,427
640: 600,642,586,476,275,289
308: 306,660,287,300,504,354
309: 504,361,354,300,290,301
310: 423,311,606,594,638,628
311: 423,310,638
603: 665,522,115,152,190
313: 397,459,352,402
314: 353,411,185,388,373,337
315: 363,391,381,419
316: 414,2,367,385,327
317: 403,360
318: 352,457,322,441
319: 604,345,456,436,412
320: 408,650,494,346,537
321: 344,340,341
322: 351,442,441,457,339,318
323: 420,413,375,409,379,333
324: 570,356,440,451,237,378,563
325: 450
326: 385,407,413,414,409
327: 9,367,316,32,19
328: 382,394
329: 332,432,334
330: 394,259,286,358,296
331: 338,399,437
332: 398,329,432
333: 422,370,323,375,379,619,13
334: 357,349,329,452,396
335: 391,387,381,402,424
336: 337,537,346,437
337: 336,537,185,353,314,437
338: 331,399,350,455
339: 457,531,636,322,442
340: 344,355,460,321,462
341: 321
342: 375,406,369,370,429
343: 445,408,359
344: 355,340,496,281,390,321
345: 453,183,456,127,319,604
346: 320,336,537
347: 366
348: 61,418,386,398,59,60
349: 357,111,334,452,93,76
350: 270,644,338,399,382
351: 322,442,441,431,514,444
352: 318,441,397,313
353: 314,411,337,437,399
354: 504,309,306,308,427,376
355: 344,340,281,533,460
356: 324,570,654,384,393,440
357: 349,111,334,371,396,466
358: 400,296,377,330,447,404
359: 408,445,343,446,494
360: 421,628,361,438,376,317
361: 309,301,438,376,360
362: 497,478,415
363: 315,419,618,380
364: 405,268,378
365: 451,236,651,590,570,496,252
366: 410,594,462,423,347
367: 2,316,327,19,558,21
368: 502,429,422,370,6
369: 406,342,458
370: 422,333,375,342,429,368
371: 396,357,445,466
372: 405,443,436,449
373: 657,388,169,596,185,314
374: 386,448,417
375: 406,342,420,323,333,370
376: 361,354,427,360
377: 358,400,447
378: 268,563,324,440,364
379: 409,3,619,4,323,333
380: 461,363,618
381: 335,315
382: 328,270,350,383,394
383: 565,544,270,382,394,259
384: 201,540,538,393,356,654
385: 326,415,478,414,316
386: 374,398,448,348,418
387: 391,335,58,424,612,91
388: 169,373,205,314,411,610
389: 7,513,9,524,32
390: 451,496,344,430
391: 335,387,315,435,91,419
392: 458,531,636
393: 202,443,384,356,440,449
394: 330,259,383,382,328,447
395: 427,306,508,404
396: 371,357,334
397: 459,313,441,352,43,444
398: 386,332,348,59,432
399: 331,338,353,411,644,350
400: 358,377,404
401: 664,497
402: 313,424,335
403: 317,427
404: 306,660,358,400,296,395
405: 372,364
406: 375,342,369,420
407: 326
408: 320,359,343
409: 379,3,326,413,323,414
410: 304,594,366,305,460,462
411: 353,314,388,610,399
412: 436,319,128
413: 420,323,326,409
414: 2,316,385,326,409,3
415: 385,362,478
416: 268,563,430,434
417: 448,425,374
418: 348,18,61,448,7,386
419: 109,618,391,363,315,435
420: 413,323,375,406
421: 638,628,360,454
422: 333,370,368,38,13,5
423: 311,310,594,366
424: 58,459,402,335,387
425: 7,661,448,417
426: 60,471,631,433,59,639,77,506
427: 395,306,508,354,376,403
428: 58,43,459,548,42
429: 502,636,368,342,370
430: 439,390,416
431: 502,351,442,16,6,514
432: 433,452,332,398,329
433: 59,432,452,426,76,639
434: 416,268
435: 91,127,474,659,391,109,419
436: 412,319,443,372
437: 336,337,353,331
438: 606,301,302,361,628,360
439: 430
440: 449,393,324,356,378
441: 351,322,318,352,444,397
442: 351,322,339,502,636,431
443: 202,393,436,449,372
444: 43,514,477,351,441,397
445: 343,371,446,359
446: 130,466,445,359,472
447: 394,358,377
448: 417,7,425,374,386,418
449: 440,443,393,372
450: 664,661,325
451: 365,390,237,324,563
452: 433,432,349,334,76
453: 345,183,456,597,663,538,202
454: 421,638
455: 338
456: 345,453,319,202
457: 339,322,318
458: 369,392
459: 397,313,43,428,424
460: 533,355,340,410,305,462
461: 380,618,523,146
462: 460,340,410,366
466: 130,446,371,357,111
467: 140,488,669,176,512,652
468: 599,123,607,71,120,142
517: 564,658,559,235,250,251
583: 589,287,286,296,660
471: 426,631,506
472: 596,494,130,446,167
496: 282,281,252,365,390,344
653: 23,22,511,592,37,50
654: 570,356,384,540,655,590
669: 195,211,176,467,634
670: 543,652,212,535
671: 210,191,136,193