957: 809,961,947,910,967
826: 935,626,414,154,951
396: 445,371,357
919: 960
913: 848,314,811,437,399,239
912: 
958: 259,978,382,447
360: 317,454,376,354,797,942
966: 778
357: 605,349,343,371,396
618: 931
933: 947,333,486,581,422,861
408: 337,896,320,730,346
888: 449,721,384,763,910,967
805: 435,363,948,625,419,345
605: 357,349,343,446,896,359
840: 695,512,902,867,250,905
487: 909,861,961,614,969,874
411: 353,388,437,675,832,928
19: 938,79,374,418,895
860: 886,367,79,895,804,205
950: 817,730,185
875: 878
23: 413,406,379,50,375,326
461: 364,372,378,443,412
910: 763,120,809,957,967,888
939: 945
457: 318,441,397,853
417: 450,425,389,418
877: 373,842,446,204,892
426: 851,934,452,432,332
932: 946,381,315,975
449: 888,405,721,384,393,436
686: 897,444,352,459,428,402
389: 401,425,417,327,418,323
366: 443,410
946: 932,878,975
371: 433,396,357,349
909: 422,861,487,409,969,956
969: 614,900,956,909,487,972
929: 853,54,368,852,322,431
362: 385,323,401,415,413,406
934: 426,452,858,433,768
956: 969,909,972,827
393: 453,869,449,384,436,380
698: 955,930,972,900,695,964
793: 799
410: 945,434,366
916: 455,383,350,891,239,499
902: 840,512,227,624,905
50: 333,375,23,326,422,409
841: 862,846,614,973,857,324
52: 486,162,392,700,918,370
679: 802,881,883,928
54: 397,853,368,929,927
978: 773,958,328,455
955: 176,698,930,695,512
869: 453,393,948,941,384,345
945: 939,953,410,438
406: 413,23,420,379,415,362
803: 324,885,846,365,416
368: 54,929,431,429,927
62: 374,386,329,325
790: 
960: 320,919,730
349: 605,357,371,892,446
354: 907,300,797,403,376,360
867: 840,862,250,668,344,905,390
775: 944,672
400: 403,376,330,427,358,395
435: 805,363,491,315,625
345: 456,419,948,805,453,869
814: 737,403,300
895: 327,418,19,79,860,367
446: 373,877,605,349,848,359
347: 416,434,430,365,462
421: 923,340,291,460,423
951: 705,901,826,626,176,585
948: 745,941,625,805,869,345
79: 19,938,398,895,804,860
891: 399,239,832,881,916,499
626: 826,414,870,117,951,585
432: 426,332
425: 401,407,389,417
893: 914,499,565,330,383,394
953: 462,945,952,341,340,438
886: 154,976,860,367,205,935,798
361: 309,942,454,977
88: 608,428,920,424,882,120
350: 455,916,811,239,644,328
395: 358,400,376,377,317
359: 848,314,605,446,337,896
363: 805,435,794,419
458: 342,429,339,420
798: 675,884,154,976,886,353
911: 967,356,857,874,961,721
915: 712,865
420: 369,379,415,458,406
952: 728,341,953,923,340
429: 342,392,458,431,368
963: 128
405: 449,721,356,440,372,436
382: 331,958,447
491: 315,335,387,625,435
874: 857,911,487,961,614
440: 324,885,356,405,364,372
364: 372,461,885,440,443,451
624: 737,787,227,902,355,905
388: 353,411,437,774,373,842
737: 624,427,814,787,355,403,300
614: 900,973,969,487,857,874,841
453: 393,869,456,345,380
920: 88,608,162,581,809,120
424: 402,387,88,428,882,745
930: 176,698,955,972,585,827
355: 344,905,321,624,737,300
379: 420,342,406,23,375
117: 870,979,326,626,409,585
865: 915
898: 695,964,250
120: 763,910,882,88,920,809
443: 451,366,364,461,412
454: 317,360,361,942
460: 438,421,340
954: 777,799
409: 909,422,50,979,117,326
433: 371,934,452,892,768
700: 927,351,918,392,52
128: 963
918: 700,351,444,52,162,608
809: 957,947,581,920,910,120
404: 358,394,773,259,377
811: 314,913,239,644,338,350
437: 388,411,373,848,913,399
794: 363
901: 157,705,951,154,884
967: 911,957,910,888,721
367: 886,860,327,895,316,935
862: 964,250,668,841,846,973,867
944: 775
381: 391,932,315
668: 862,846,867,390,365
943: 
846: 862,668,841,324,803,365
896: 337,408,605,343,359
802: 679,883,928,884,157,847
380: 319,378,453,393,436
827: 930,972,585,979,956
848: 314,913,359,373,446,437
899: 781
705: 157,901,951,176,789
413: 406,23,385,362,870,326
412: 202,461,443
688: 937,799
154: 976,886,935,826,884,798,901
456: 419,345,453
387: 402,335,424,491,745,625
157: 705,901,884,802,847,789
931: 618
385: 316,323,362,413,414,870
968: 970
907: 300,354,797,321,728,263
162: 52,486,581,918,608,920
773: 259,978,455,383,404,394
372: 364,461,436,405,440,378
434: 416,347,451,462,410
494: 
451: 443,885,364,416,434
884: 675,798,154,157,901,802
356: 857,911,405,721,324,440
365: 390,668,846,803,416,347
842: 373,877,204,921,774,388
672: 775
608: 88,428,920,918,444,162
625: 745,948,387,491,805,435
712: 915
176: 955,930,585,705,951
383: 455,916,893,499,773,394
921: 804,774,398,204,962,842
348: 332,858,325,938,398
346: 336,337,408,730,338
431: 852,368,929,429
445: 396,343
370: 333,375,342,392,52,486
402: 335,387,424,686,352,428
185: 950
965: 847,227,883,914,565,787
391: 381,352,335
922: 845,447,259,377
398: 938,79,348,962,921,804
422: 909,861,409,333,50,933
797: 907,354,360,942,974
486: 52,162,581,333,370,933
883: 802,679,881,928,965,847,914
858: 332,348,934,768,962
419: 456,345,805,363
436: 372,449,405,393,378,380
414: 935,826,626,385,316,870
885: 803,440,364,416,451
942: 361,309,974,797,360,454
935: 826,414,316,154,886,367
861: 909,422,487,961,947,933
202: 412
378: 319,380,372,461,436
204: 892,768,962,921,877,842
205: 804,774,976,886,860,353
847: 965,227,789,157,802,883
845: 922,447
900: 614,973,969,698,972,964
353: 388,411,774,205,976,675,798
881: 679,883,928,891,832,914,499
358: 404,394,395,330,400
851: 426,334
403: 400,376,737,427,814,300,354
938: 19,325,79,398,348
940: 789,512
407: 401,425,369,415
416: 434,347,803,885,365,451
927: 700,351,397,54,368
695: 840,512,898,698,955,964,250
799: 793,954,688,937
444: 897,686,351,918,608,428
897: 686,444,318,351,459
375: 333,50,370,379,342,23
923: 421,340,728,952,309,974
373: 877,842,446,388,437,848
418: 327,895,417,389,19
227: 965,847,789,902,624,787
442: 852
447: 845,922,382,958,259
585: 176,930,827,626,979,117,951
972: 698,930,827,900,969,956
914: 893,499,565,881,883,965
730: 950,960,408,346
804: 921,774,205,79,398,860
423: 421
941: 745,948,763,882,384,869
462: 953,430,434,347,341
778: 966
239: 399,891,913,811,916,350
430: 439,390,347,341,462
369: 420,415,407
394: 404,358,383,893,330,773
928: 802,679,881,883,411,675,832
745: 948,941,625,387,424,882
502: 
497: 
452: 426,934,334,433
947: 809,961,957,933,581,861
376: 400,403,395,354,317,360
250: 964,862,695,840,898,867
768: 204,892,962,934,858,433
459: 352,318,313,897,686
439: 390,430,344,321,263
721: 888,449,405,967,356,911
961: 957,947,861,487,874,911
763: 910,882,120,941,888,384
728: 952,341,263,907,974,923
390: 439,430,365,867,668,344
259: 773,958,404,922,447
644: 338,328,811,336,350,331
964: 862,250,698,900,973,695,898
962: 204,768,858,398,921
263: 728,341,321,439,907
817: 950
789: 847,227,157,705,940,512
882: 763,120,88,424,745,941
499: 893,914,891,881,916,383
428: 88,608,686,444,402,424
878: 946,875
448: 
581: 486,162,920,809,947,933
781: 899,970,971
466: 
374: 62,450,19,325
924: 
352: 459,313,686,391,402,335
787: 624,737,427,965,227,565
384: 888,449,763,941,393,869
415: 420,369,401,407,362,406
392: 342,429,700,370,52
386: 329,62
853: 54,929,322,441,457
937: 688,799,777
351: 700,927,918,397,897,444
565: 893,914,330,965,427,787
870: 117,326,385,413,626,414
438: 460,945,953,340
832: 399,891,411,881,928
450: 417,374
401: 407,425,389,415,323,362
291: 421,309,977
399: 891,239,832,437,913
293: 977
857: 356,874,911,614,841,324
512: 695,840,902,940,955,789
976: 154,886,205,353,798
675: 884,798,353,411,928
905: 355,344,840,902,867,624
455: 916,383,350,328,773,978
300: 907,354,737,814,355,321,403
892: 204,768,433,349,877
774: 921,804,205,842,353,388
427: 737,787,565,330,400,403
971: 781,970
852: 442,322,431,929
306: 
377: 404,395,922
777: 954,937
309: 361,942,974,923,291,977
397: 54,457,318,927,351
970: 781,971,968
441: 853,457
313: 352,459
314: 848,913,811,359,337,338
315: 491,381,932,435
316: 385,323,327,367,935,414
317: 360,454,395,376
318: 457,397,897,459
319: 378,380
320: 960,343,408
321: 355,344,439,907,300,263
322: 852,853,929
323: 385,316,362,401,389,327
324: 803,440,356,857,841,846
325: 938,329,62,374,348
326: 870,117,413,23,50,409
327: 418,895,389,316,323,367
328: 644,455,350,331,978
329: 386,62,332,325
330: 893,565,427,358,394,400
331: 382,336,644,328
332: 348,858,432,329,426
333: 50,375,370,486,422,933
334: 851,452
335: 402,387,352,391,491
336: 346,644,338,331
337: 408,896,314,359,346,338
338: 644,337,314,811,336,346
339: 458
340: 923,421,952,953,438,460
341: 728,952,263,430,462,953
342: 392,429,458,379,375,370
343: 605,357,445,320,896
344: 355,905,321,867,439,390
973: 614,900,964,862,841
974: 309,942,797,728,923
975: 946,932
977: 293,361,309,291
979: 117,409,585,827