795: 927,351,918,54,700,71
826: 98,154,626,117,873,901
396: 452,371,357
919: 790,817
913: 848,811,399,437,350,239
912: 311
917: 909,422,50,827,904,409
759: 176,627,856,705,789,231,512
868: 793
766: 293,291,923,340,460,421
618: 931
933: 809,120,581,486,861
408: 730,320,343,896
888: 645,540,721,763,910,356
805: 869,345,625,745,906
605: 359,896,357,349,343,446
840: 695,512,902,250,867,905
487: 614,900,874,909,861,911
411: 399,437,388,353,928,832
19: 860,895,418,558,62,938
860: 367,895,19,65,938,64
21: 414,367,64,935
875: 91,391,878
23: 413,326,379,375,50,409
461: 319,202,412
910: 763,882,120,721,920,888
856: 176,759,705
457: 318,397,853,441
417: 418,389,450,448,374
877: 373,169,446,892,204,842
426: 332,329,851,864,433
932: 878,91,381
449: 393,384,405,436,372
686: 897,444,459,428,402
389: 417,327,707,401,415
366: 434,416,347
685: 332,348,934
371: 349,769,864,452,396,357
909: 422,861,917,904,900,487
558: 348,398,62,938,19,79
929: 54,853,441,322,852,368
362: 406,323,420,385,413
934: 858,768,433,685,398
906: 763,882,89,745,199,805
393: 449,384,681,869,380,453
698: 614,900,627,930,695,898
793: 799,868
410: 462,728,340,438
916: 239,773,891,383,499
902: 840,512,227,231,905,624
50: 333,375,23,409,422,917
841: 614,874,857,898,862,846
52: 333,375,370,700,71
679: 832,881,883,819,928,802
54: 853,929,397,795,927,351
492: 936,886,65,804,546,79,205,798
627: 176,759,930,698,695,512
869: 805,345,393,384,453
58: 381,91
406: 379,362,458,420,342
803: 324,846,925,885,416,365
368: 429,852,929,392,927
62: 558,938,374,325,418,19
790: 919,730,817,346
64: 936,886,860,367,65,21,98,935
65: 860,938,79,936,492,64
66: 827,117,409,870,326,626
867: 250,668,840,905,344,390
775: 672
400: 394,358,330,427,395
435: 419,315,491,345,625
71: 142,162,700,795,918,52
814: 624,355,737,732,300,907
895: 860,367,19,418,327,316
446: 373,877,349,892,605,359
645: 888,540,405,763,384
421: 423,293,766,460
792: 361,293
78: 921,804,858,204
79: 921,546,558,398,938,65,492
891: 399,832,881,239,916,499
626: 98,826,935,870,66,117
432: 329,851,334
425: 707,448
893: 383,499,914,565,330,394
864: 371,769,851,452,426,433
886: 936,492,64,98,154,798
546: 79,492
88: 89,428,608,920,882
89: 88,428,745,424,906,882
395: 427,403,400
91: 875,391,878,932,58,381
363: 315,381
458: 339,369,429,406,342
798: 675,205,884,492,886,154
911: 179,861,809,487,874
915: 712,865
420: 415,323,407,369,406,362
98: 154,626,826,935,886,64
429: 431,368,458,392,342
863: 924,502
405: 645,540,449,440,372
382: 922,259,447,773,455,328
491: 315,335,387,625,435
874: 614,487,841,179,857,911
440: 364,885,356,405,324
364: 885,440,378,372,451
624: 814,905,355,227,902,737
388: 774,842,353,169,411,437
737: 565,732,787,227,814,624
614: 900,698,487,841,874,898
453: 380,456,869,345,419,393
920: 120,581,162,88,882,910
424: 745,387,402,89,428
930: 176,627,904,585,900,698
681: 393,380,436,319
379: 406,370,342,413,23,375
117: 66,827,585,626,826,873
865: 915
898: 862,250,614,698,841,695
120: 809,721,920,933,581,910
443: 378,202,434
454: 361,309,376,360
460: 438,766,340,421
769: 371,349,864,892,768,433
409: 66,827,326,23,50,917
433: 768,934,426,769,864
700: 370,392,795,927,52,71
128: 
918: 795,351,444,71,142,162,608
809: 120,721,933,861,179,911
404: 394,358,922,259,377
811: 848,314,913,338,350
437: 399,411,169,388,848,913
794: 
901: 157,705,873,154,826,884
819: 675,928,884,157,679,802
367: 860,895,21,414,316,64
862: 898,250,668,841,846,925
540: 645,888,405
381: 58,315,91,932,363
668: 862,250,867,925,390
142: 71,162,918
846: 324,803,925,841,857,862
896: 605,359,343,408,337
802: 789,847,819,157,679,883
380: 456,453,393,681,319
827: 66,117,904,585,409,917
848: 314,811,913,373,169,437
899: 781,926
705: 157,873,901,176,759,856,789
413: 326,23,379,362,385
412: 461
688: 937
154: 98,826,886,884,798,901
456: 380,453,419
387: 745,424,402,491,625
157: 705,901,819,884,789,802
931: 618
385: 870,414,323,362,413,326
925: 803,846,862,668,365
907: 354,797,814,355,321,300
162: 71,142,918,608,920,581
773: 916,455,383,382,259
372: 436,405,449,364,378
434: 366,451,443
494: 
451: 434,364,885,378,416
884: 675,819,798,154,157,901
169: 373,877,388,842,848,437
365: 416,347,430,803,925
842: 774,388,204,877,169
672: 775
608: 88,428,918,444,162
625: 805,345,745,387,491,435
712: 915
176: 759,627,856,930,585,705,873
383: 893,499,916,773,259,394
921: 804,78,79,398,858
179: 356,857,911,809,721,874
926: 899
431: 429,852,339
445: 343,357
370: 700,392,342,379,52,375
402: 424,387,686,352,335
185: 336
707: 425,778,448,401,389
391: 91,875,335
922: 382,259,447,404,845,377
398: 558,348,858,934,921,79
422: 909,861,917,333,50,486
797: 907,354,276,321,263
486: 587,333,422,861,933,581
883: 679,881,847,802,914,787
858: 768,204,934,398,921,78
419: 435,345,456,453
436: 202,372,449,681
414: 870,21,385,316,367,935
885: 364,440,324,803,416,451
199: 763,906
935: 98,626,870,21,414,64
861: 909,422,486,809,933,487,911
202: 436,378,461,443
378: 364,202,372,451,443
204: 892,858,768,78,877,842
205: 675,798,804,492,774,353
847: 789,227,802,231,883,787
845: 377,922,447
900: 614,698,487,904,909,930
711: 
881: 832,679,883,891,499,914
876: 337,314,336,346,338
851: 334,452,432,426,864
403: 427,300,395,354,376
938: 558,62,860,19,65,79
829: 
407: 401,369,415,420
416: 365,347,803,885,366,451
927: 795,368,54,700,392
695: 840,512,627,698,898,250
799: 793,777,937
444: 897,686,351,918,428,608
897: 686,444,318,397,351,459
375: 333,52,50,379,370,23
923: 766,291,340,276,728,263
373: 877,169,446,359,848,314
418: 417,327,374,62,895,19
227: 847,231,902,737,787,624
442: 322,852
447: 922,382,328,845
585: 827,117,904,873,176,930
231: 789,847,227,759,512,902
914: 893,499,881,883,565,787
730: 790,408,337,346
804: 921,78,492,774,205
423: 421,293
682: 
462: 410,347,430,341
778: 707,401
239: 916,455,913,399,891,350
430: 365,347,390,439,341,462
369: 339,458,407,420
394: 404,400,893,383,330
928: 675,819,353,411,832,679
745: 424,387,89,906,805,625
502: 863
497: 
452: 851,334,396,371,864
587: 486
376: 309,454,403,354,360
250: 898,862,668,867,695,840
768: 892,858,204,934,433,769
459: 352,318,313,897,686
439: 344,390,321,430,263,341
721: 809,120,910,179,356,888
873: 705,901,826,117,585,176
763: 906,882,910,199,645,888,384
728: 263,341,410,923,340
390: 344,439,668,867,430
259: 922,382,773,383,404
644: 338,350,455,328,331
936: 492,886,64,65
749: 
263: 728,341,321,439,797,276,923
817: 919,790
789: 847,802,231,157,705,759
882: 763,906,910,88,89,920
499: 893,383,914,891,881,916
428: 88,89,608,686,444,424
878: 932,91,875
448: 450,707,425,417
581: 120,920,933,162,486
781: 899
466: 
374: 325,386,450,418,417,62
924: 863
276: 354,797,263,309,291,923
787: 565,737,883,847,227,914
384: 449,393,763,869,645
415: 323,420,407,389,327
392: 370,700,342,429,368,927
386: 374,325,450
853: 54,929,441,457,397
937: 688,799,777
904: 827,585,909,917,930,900
565: 737,732,787,330,893,914
870: 414,385,326,626,935,66
438: 460,410,340
832: 679,881,928,399,411,891
450: 448,374,386,417
401: 407,778,707,389
291: 293,766,923,276,361,309
399: 411,437,891,913,832,239
293: 766,291,361,792,423,421
857: 179,356,841,874,324,846
512: 695,840,902,759,627,231
732: 565,737,330,814,427,300
675: 819,928,205,884,798,353
905: 624,355,840,902,867,344
455: 239,773,644,350,328,382
300: 427,403,732,814,907,354
892: 768,204,349,769,877,446
774: 388,842,353,804,205
427: 300,403,395,732,330,400
304: 
852: 431,368,442,322,929
306: 
377: 845,922,404,358
777: 799,937
309: 361,376,454,354,276,291
397: 457,318,54,853,351,897
311: 912
441: 853,929,322,457
313: 318,352,459
314: 848,811,359,373,337,876
315: 491,381,363,435
316: 414,327,323,367,895
317: 
318: 457,397,313,897,459
319: 461,681,380
320: 408
321: 355,344,439,907,797,263
322: 442,852,929,441
323: 415,420,327,362,385,316
324: 803,846,356,857,885,440
325: 374,386,332,348,62
326: 413,23,870,385,66,409
327: 418,389,415,323,895,316
328: 331,644,455,382,447
329: 432,332,426
330: 565,732,893,400,394,427
331: 328,336,644
332: 685,426,329,325,348
333: 52,375,50,486,422
334: 851,452,432
335: 352,391,402,491
336: 185,346,876,338,331
337: 876,359,896,730,314
338: 644,350,876,811,336
339: 458,369,431
340: 766,923,728,410,438,460
341: 728,263,439,430,462
342: 370,392,458,429,379,406
343: 445,605,896,357,408
344: 390,439,867,905,355,321
345: 869,805,625,419,435,453
346: 336,790,730,876
347: 416,365,430,366,462
348: 558,398,325,332,685
349: 371,769,892,605,357,446
350: 644,338,811,913,239,455
351: 795,918,54,397,897,444
352: 459,335,313,402
353: 774,388,675,928,205,411
354: 907,797,276,300,403,309,376
355: 814,905,624,321,344,907
356: 179,857,721,888,324,440
357: 605,396,371,349,445,343
358: 404,400,377
359: 605,896,373,446,337,314
360: 376,454
361: 309,454,293,291,792