508: 395,404,306,504,308,354
511: 66,83,36,37,518,50,52
2: 409,3,10,367,21,22
3: 409,379,2,4,23,22
4: 422,5,379,3,23,13
5: 422,4,368,6,13,25
6: 502,15,5,368,25,14
7: 418,389,513,9,18,32
566: 532,503,124,162,142,143
9: 478,497,7,513,32,524
10: 327,367,558,2,567,21
532: 503,566,180,143,199,179
536: 499,209,572,191,208,210,227
13: 38,24,25,4,5,23
14: 500,16,26,54,6,25
15: 502,6,431
16: 14,431,28,514
487: 138,120,140,159,547,489,486
18: 348,61,7,418,32,525
19: 32,584,524,34
557: 66,99
21: 35,567,10,2,36,22
22: 36,518,23,3,2,21
23: 518,22,3,4,13,24
24: 38,13,545,37,518,23
25: 38,13,5,6,14
26: 14,54
530: 517,236,235,251,282,252
28: 514,477,16,40,41
543: 233,512,212,535,231,573
30: 398,348,61,552,59,60
586: 243,575,275,287,589,551
32: 19,524,525,7,9,18
539: 64,65,49
34: 35,567,584,484,19,534,49
35: 34,567,21,36,50,49
36: 518,22,35,21,50,511
37: 518,24,545,511,52
38: 13,53,24,25,545
558: 327,10,478,524,567
40: 70,54,28,548,41
41: 548,56,42,28,477,40
42: 56,41,477,43,428,72
43: 397,459,428,444,477,42
521: 171,190,172,572,208,515
545: 38,53,24,37,571,52
498: 306,287,583,300,551,308
47: 534,63,579,584,525,62
528: 309,301
49: 64,65,539,50,34,35,534
50: 65,49,35,36,66,511
515: 207,208,223,521,190,170
52: 68,571,37,545,83,511,84
53: 38,545,500,54,571,69
54: 500,14,26,53,69,70,40
492: 79,546,116,582,506,78
56: 548,485,88,41,42,72
510: 564,215,217,216,517
58: 73,90,72,424,428,387,91
59: 426,552,432,398,30,332
60: 62,588,30,61,552
61: 348,18,30,525,60,62
62: 60,588,61,525,47,579
63: 534,47,516,579,64,79
64: 65,539,49,534,63,516,80,82
65: 64,539,50,49,66,82
66: 83,557,511,65,50,82,100,99
513: 7,389,401,9,497
68: 571,85,52,84,102
69: 70,86,53,54,571,85
70: 69,86,71,40,54,548
71: 70,86,548,123,105
72: 73,58,428,88,56,42
73: 58,90,72,91,89,126,549
523: 380,419,109,128,146,461
75: 93,94,433,426,76,349
76: 426,552,471,94,75,77
77: 95,78,76,471,506,94
78: 77,95,506,492,582,96
79: 492,546,506,63,516,579
80: 98,97,82,516,64,546
582: 492,116,78,96,133,115
82: 98,80,64,65,66,99
83: 66,511,52,100,84
84: 100,101,83,68,52,542,102
85: 68,571,69,86,102,587
86: 69,70,71,85,587,104,123
546: 492,79,116,516,80,97
88: 56,72,105,106,89
89: 580,126,491,88,73,106
90: 73,58,91
91: 387,435,73,58,90,126,549,108
92: 349,110,93,466,111
93: 113,94,75,349,92,130,111
94: 93,113,75,76,77,95
95: 77,78,113,94,131,96
96: 131,114,483,95,78,582,115
97: 98,80,556,546,116,526
98: 80,562,97,556,82,99
99: 100,118,66,557,98,562,82
100: 118,84,99,66,83
101: 84,585,542
102: 121,561,542,587,68,85,84
491: 89,580,106,162,144
104: 468,123,86,581,587
105: 106,125,124,71,88,123
106: 105,125,162,88,89,491
552: 426,76,59,30,60,471
108: 109,127,435,91,126,145
109: 108,127,435,419,523,128
110: 349,92,357,371,466
111: 130,472,92,93,129,466
525: 32,584,18,61,62,47
113: 93,94,95,130,131
114: 131,483,96
115: 133,522,582,483,152,96
116: 492,546,582,97,133,526
117: 137,489,119,486,562,118,475
118: 100,99,585,562,117
119: 489,117,486
120: 487,159,561,581,486,141
121: 561,102,581,587
506: 471,588,579,77,78,492,79
123: 468,104,86,71,105,124
124: 105,125,162,468,123,142,566
125: 105,106,124,162
126: 89,580,549,145,73,91,108
127: 109,108,145,474,128
128: 345,109,127,523,146
129: 466,445,494,359,472,111
130: 148,472,111,93,113,131
131: 114,150,483,577,96,113,95,130,148
561: 121,542,102,581,587,120
133: 115,522,554,116,582,526
134: 475,136,154,526,556,554
516: 63,64,79,546,80
136: 475,134,154,137,173,155
137: 489,117,475,136,155
138: 487,547,489,486
540: 356,570,578,384,220
140: 487,159,547,490,176,488
141: 161,142,581,468,120,159
142: 161,141,143,468,124,566
143: 161,142,532,566,160,179
144: 181,164,162,580,491,503
145: 580,126,108,127,164,474
146: 412,319,461,523,128
533: 293,305,279,280,355
148: 130,472,131,577,167,149
149: 186,167,148,509,577,169
150: 131,483,577
570: 540,237,356,578,236,252
152: 483,509,115,522,560,190
524: 32,19,9,478,558
154: 136,134,554,171,172
155: 174,193,157,136,137,191,173
548: 56,41,70,71,40
157: 155,193,195,547,176
564: 215,510,233,553,250,251
159: 487,120,140,161,141,490
160: 197,198,161,143,490,179
161: 141,142,143,490,159,160
162: 106,125,124,491,503,566,144
577: 131,150,483,509,148,149
164: 144,183,181,580,145,474
568: 218,559,199,235,590
494: 129,359,472,537,541,167
167: 541,186,149,494,148,472
556: 98,562,97,475,134,526
169: 560,205,187,509,186,149
170: 190,560,187,222,223,515
171: 521,190,522,554,154,172
172: 572,191,173,154,521,171
173: 172,191,136,155
174: 155,193
573: 231,263,230,535,229,543,476
176: 467,488,140,547,157,195
560: 169,187,509,152,190,170
509: 483,577,152,149,560,169
179: 559,199,143,532,198,160
180: 532,503,181,218,199,201
181: 144,183,164,503,180,201
531: 429,392,339,458,502,442
183: 181,164,474,453,538,201
184: 337,185
185: 537,336,541,204,337,184,373
186: 541,204,167,149,169,205,221
187: 560,169,205,170,222
559: 568,199,179,198,217,235
578: 540,570,236,590
190: 521,171,170,152,522,560,515
191: 172,572,173,155,193,536,210
486: 489,119,117,585,138,487,120
193: 174,155,157,195,191,211,210
489: 137,119,117,486,138,487,547
195: 193,157,176,467,211,212
196: 467,488,197,216,512,215
197: 198,160,216,490,196,488
198: 197,160,216,559,179,217
199: 218,559,568,179,532,180
590: 236,235,568,578
201: 220,538,180,183,181,218
202: 456,443,453,384,538,393
542: 561,102,101,84,585
204: 541,186,185,221,373
205: 169,187,186,221,222,555
553: 231,249,233,564,250,265
207: 208,223,240,515,242,209
208: 207,515,521,572,536,209
209: 499,536,572,207,208,242
210: 211,227,191,193,536
211: 210,535,229,193,195,212
212: 512,543,195,467,211,535
514: 28,477,431,444,16
549: 126,73,91
215: 564,510,196,216,233,512
216: 197,198,196,215,510,217
217: 510,198,216,559,517,235
218: 568,199,180,220,201
488: 176,467,196,140,490,197
220: 384,538,201,218,540
221: 388,373,204,186,205,555
222: 239,555,205,187,170,223
223: 207,240,515,170,222,239
541: 204,186,167,494,537,185
504: 309,308,508,354,361
534: 63,47,584,484,34,64,49
227: 210,229,499,536,228
228: 476,275,499,229,227,243
229: 211,535,227,476,228,573
230: 231,263,573
231: 263,230,249,573,553,233,543
551: 300,529,586,261,275,498,287
233: 512,543,564,215,231,553
547: 138,487,140,489,157,176
235: 517,236,530,590,559,568,217
236: 530,235,590,570,578,252
237: 356,570,324,252,563
238: 239,555,388,411,399,255
239: 222,555,238,223,240,255
240: 207,223,242,239,255,544,257
544: 256,257,565,272,240,270,255
242: 207,240,499,209,257,258
243: 575,258,586,499,275,228
576: 249,278,265,264,279
245: 476,261,275
497: 9,478,316,401,513
490: 161,140,159,488,197,160
248: 263,249,278
249: 248,231,263,278,576,553,265
250: 574,266,265,251,564,553
251: 250,266,564,517,530,282
252: 282,365,236,530,237,570,563
535: 211,229,543,212,573
569: 264,290,291,278,276,289
255: 270,399,239,238,240,544
256: 544
257: 544,565,240,242,258
258: 243,575,242,257,565,259
259: 286,565,575,258,589
555: 222,239,238,205,388,221
261: 245,476,275,263,276,529,551
522: 133,115,554,152,171,190
263: 248,231,230,249,278,573,476,261,276
264: 291,569,278,576,293,279
265: 250,574,249,576,553,279
266: 250,574,251,496,282,280
499: 536,209,242,227,243,228
268: 563,324,378,434,416
574: 250,266,265,279,280
270: 399,255,544,383,350
581: 121,561,587,468,104,120,141
272: 544,565
579: 63,47,62,506,588,79
580: 89,126,145,491,144,164
275: 245,476,261,228,243,586,551
276: 529,289,261,263,278,569
562: 98,556,118,99,475,117
278: 248,263,249,576,276,264,569
279: 293,533,280,576,574,265,264
280: 533,279,574,266,496,294
281: 344,294,496,365,451,390
282: 496,365,252,530,266,251
529: 300,276,289,551,261
284: 286,330,565,383,394
565: 544,257,272,258,286,284,259
286: 330,284,259,565,589,583,296
287: 498,589,583,575,586,551
537: 320,336,185,494,359,541
289: 300,276,529,290,569,309
290: 291,569,289,309,473,301,302
291: 264,290,569,293,302,304
575: 243,258,586,259,287,589
293: 305,533,279,264,291,304
294: 344,355,281,496,280
512: 233,543,212,467,196,215
296: 306,583,286,330,358,404
584: 484,19,525,34,534,47
538: 384,220,201,183,453,202
572: 172,191,521,208,536,209
300: 529,289,551,498,309,308
301: 309,528,473,438,290,310,302
302: 311,310,290,291,301,304
563: 451,268,237,324,365,252
304: 410,291,293,305,311,302
305: 293,533,355,410,304,460
306: 498,583,296,404,508,308
554: 133,522,134,154,526,171
308: 504,309,498,306,300,508
309: 504,528,473,301,308,300,289,290
310: 311,302,438,301,421
311: 310,302,312,410,304,454
312: 410,311
313: 381,335,459,424
314: 388,373,337,411,353
315: 363,391,435,419
316: 362,385,414,497,327
317: 421
318: 441,322
319: 146,412,345,456,436
320: 537,336,446,359,408,346
321: 390,430,344,341
322: 339,351,318,441
323: 413,326,333,409,379
324: 237,356,440,268,563,378
325: 448,386
326: 323,413,414,407,367,409
327: 10,367,558,316,414,478
328: 382,394,447
329: 374,332,452,396,432
330: 286,284,394,296,358,447
331: 337,353
332: 417,398,329,374,59,432
333: 370,375,323,379,422
334: 396,357
335: 313,381,424,391,387
336: 537,320,185,346,337,437
337: 184,437,336,185,373,314,331
338: 411,399,455,350
339: 322,458,531,442
340: 462,341,344,355,460
341: 340,462,321
342: 370,375,429,392
343: 371,466,445
344: 355,294,281,390,321,340
345: 474,128,453,319,456
346: 408,320,336,437
347: 366,462
348: 18,61,386,418,398,30
349: 110,92,357,433,93,75
350: 382,383,338,270,399,455
351: 444,322,442,431,441
352: 402,397
353: 411,314,331
354: 395,508,504,403,361
355: 344,294,305,533,460,340
356: 540,237,570,324,384,440
357: 349,110,334,452,433,371
358: 377,447,330,296,404
359: 129,445,494,446,537,320
360: 361,438,421
361: 360,403,504,438,354
362: 316,415,385
363: 315,380,419
364: 378,434,405
365: 496,282,252,451,563,281
366: 410,460,462,423,347
367: 327,10,414,326,409,2
368: 422,5,370,429,502,6
369: 392,458
370: 375,342,333,429,422,368
371: 110,357,343
372: 405,449
373: 388,221,314,185,204,337
374: 329,417,332
375: 370,342,333,420
376: 427,403
377: 358,447,400
378: 364,434,324,440,405,268
379: 409,3,323,333,422,4
380: 419,523,363,461
381: 313,335
382: 383,394,350,328
383: 382,394,350,270,284
384: 220,538,202,540,356,393
385: 414,407,316,362
386: 325,448,418,417,398,348
387: 391,435,91,424,335,58
388: 221,373,314,555,238,411
389: 7,418,513,425,448
390: 321,430,451,344,281
391: 387,435,335,315
392: 429,531,369,342,458
393: 440,449,384,443,202
394: 382,383,330,284,328,447
395: 404,508,400,427,354
396: 452,329,334
397: 459,43,444,352,441
398: 417,30,332,386,348,59
399: 270,255,238,411,338,350
400: 377,395,427
401: 415,450,513,497
402: 352
403: 361,376,354
404: 395,508,306,296,358
405: 440,449,372,364,378
406: 
407: 385,414,413,326
408: 346,446,320
409: 379,3,2,323,326,367
410: 312,366,304,460,305,311
411: 338,353,388,314,238,399
412: 146,319,461
413: 323,326,420,407
414: 385,407,316,326,327,367
415: 401,362,450
416: 430,451,268,434
417: 398,332,386,374
418: 7,389,448,386,348,18
419: 380,523,435,315,363,109
420: 413,375
421: 317,438,310,360,454
422: 4,5,368,370,333,379
423: 454,366
424: 459,428,313,335,58,387
425: 450,448,389
426: 552,76,59,432,433,75
427: 376,395,400
428: 459,43,424,42,58,72
429: 531,392,370,342,368,502
430: 390,321,416,439
431: 502,15,442,351,16,514
432: 426,59,329,332,452,433
433: 452,426,432,349,357,75
434: 364,378,268,416,439
435: 391,387,91,315,109,108,419
436: 319,456,443
437: 337,346,336
438: 301,310,360,361,421
439: 434,430
440: 393,405,449,356,324,378
441: 318,322,351,444,397
442: 502,431,531,339,351
443: 456,202,436,393,449
444: 351,441,514,477,397,43
445: 129,466,359,343,446
446: 445,359,408,320
447: 358,377,394,330,328
448: 325,386,425,418,389
449: 393,440,405,443,372
450: 425,415,401
451: 563,365,281,390,416
452: 396,433,329,432,357
453: 345,474,183,538,456,202
454: 423,311,421
455: 338,350
456: 443,202,345,453,319,436
457: 458
458: 457,339,369,531,392
459: 397,43,424,428,313
460: 410,366,305,355,340,462
461: 146,412,380,523
462: 340,341,366,460,347
466: 129,445,110,92,343,111
467: 176,196,488,195,512,212
468: 104,123,581,124,141,142
517: 530,235,510,217,251
583: 498,306,287,589,296,286
471: 506,588,552,76,77
472: 130,148,111,129,494,167
473: 309,301,290
474: 345,453,145,127,183,164
475: 136,134,562,556,137,117
476: 245,261,275,228,229,263,573
477: 28,514,444,43,41,42
478: 9,497,327,558,524
571: 68,85,52,53,545,69
585: 101,118,542,486
567: 34,35,21,10,558
518: 36,37,23,22,24,511
483: 131,114,150,509,577,152,96,115
484: 584,34,534
485: 56
496: 282,365,266,280,294,281
500: 14,54,53
526: 134,116,97,556,133,554
502: 15,6,442,431,429,531,368
503: 532,566,180,162,144,181
587: 121,561,102,581,85,86,104
588: 60,471,62,506,579
589: 287,583,575,586,286,259