508: 306,404,308,504,395,354
511: 23,22,518,36,592,626,50,37
2: 367,409,3,36,21,22
3: 409,379,619,2,22,4
4: 23,22,3,619,13,24
5: 422,6,368,38,13,25
6: 502,431,368,5,16,25
7: 418,389,9,524,18,32
566: 532,503,124,162,142,143
9: 478,524,513,497,7,389
618: 380,419,523,109,461
532: 503,566,199,143,179
536: 242,209,227,572,622,228
13: 38,24,619,422,5,4
615: 24,545,23,613,611,37,52
605: 167,148,113,111,93,130
16: 28,25,54,431,6,514
487: 633,120,159,547,627,140
18: 348,61,7,418,32,525
19: 32,584,524,327,558
592: 34,35,36,511,49,626
21: 36,558,367,2,327
22: 23,518,511,4,2,3,36
23: 22,518,511,613,4,24,615,37
24: 38,13,615,545,23,4
25: 16,54,5,6,38,53
602: 559,568,199,198,179
530: 590,236,630,235,251,282,252
28: 16,54,514,477,40,41
543: 233,512,231,634,535,212
30: 348,61,398,59,60,631
586: 499,228,589,476,275,287
32: 584,525,19,7,524,18
595: 160,142,143,141,120,159
34: 35,558,592,584,47,49,626
35: 34,592
36: 21,592,2,22,511
37: 83,611,50,23,511,613,615
38: 13,53,24,545,5,25
558: 34,21,327,584,19
40: 69,86,28,54,41,70
41: 548,42,70,28,477,40
42: 548,72,41,43,477,428
43: 477,444,397,459,42,428
521: 170,190,172,208,515
545: 38,53,24,615,571,52
498: 583,287,275,300,289,529,551,308
47: 534,623,584,34,49
588: 60,471,62,579,506,79
49: 64,65,626,34,592,534,47
50: 66,83,37,511,65,626
515: 207,223,521,170,208,209
52: 68,571,615,545,611
53: 38,545,25,54,571,69
54: 28,16,25,53,69,40
492: 79,546,78,506,96
627: 487,547,489,157,176,140
510: 564,517,217,216,233,512
58: 73,612,89,424,428,72,387
59: 426,432,398,332,30,60
60: 471,588,631,30,426,59
61: 348,18,30,525,631
62: 588,631,525,579,623
63: 534,579,64,79,546,80
64: 65,49,534,63,80,82
65: 64,49,626,66,50,82
66: 83,50,65,99,82,100
513: 450,425,497,401,389,9
68: 571,85,52,611,102,587,561
69: 86,40,53,54,571,85
70: 548,608,41,71,86,40
71: 86,608,70,468,123,599
72: 548,88,42,58,89,428
73: 58,612,387
523: 618,461,128,604,146
75: 93,76,433
76: 93,94,75,433,426,77,95,113
77: 95,78,506,426,471,76
78: 77,95,506,492,131,96
79: 492,546,588,63,579,506
80: 98,82,63,64,546,97
626: 65,49,34,592,511,50
82: 98,80,99,64,65,66
83: 66,611,50,37,100,102
632: 319,128,604,345
85: 68,571,69,86,587,123
86: 69,71,40,85,70,123
546: 492,79,116,97,63,80
88: 548,72,608,89,105,106
89: 58,612,72,88,106,616
616: 144,126,491,612,89,106
91: 435,612,391,387,126
600: 609,476,275,263,573,261
93: 76,75,433,111,349,605,113
94: 76,95,113
95: 77,78,76,94,113,131,598
96: 133,78,492,131,115
97: 546,116,98,80,526,556
98: 80,562,99,82,97,556
99: 98,562,82,66,100,118
100: 542,118,102,66,83,99
597: 183,181,180,201,538,218
102: 100,542,83,611,68,561
491: 144,616,126,145,580
104: 123,607,587
105: 106,124,162,88,608,599
106: 105,162,88,89,144,616
624: 553,278,249,574,621,576
108: 
109: 419,618,127,435,604
110: 111,349,371,466
111: 110,349,93,466,130,605
525: 32,584,18,61,62,623
113: 148,605,93,76,94,95,598
483: 131,577,598,115,152,509
115: 131,483,133,603,96,152
116: 546,97
117: 137,489,585,562,118,617
118: 100,542,562,99,117,585
518: 23,22,511
120: 633,487,159,581,141,595
503: 532,566,180,625,199,162
506: 77,78,471,588,492,79
123: 468,599,607,104,85,71,86,587
124: 105,162,468,599,142,566
607: 468,141,123,104,587,581
126: 616,491,612,91,145
127: 145,109,345,474,604
128: 632,319,523,412,146
129: 466,472,130,446,445,359
130: 129,466,472,111,167,605
131: 598,483,115,95,78,96
561: 587,486,581,68,542,102
133: 603,526,96,115
134: 475,617,556,554,526,522,154
606: 302,304,310,628,594
136: 210,191,154,475,137,193
137: 489,117,475,136,157,193
620: 533,279,280,574,266,576
540: 384,220,201,356,570,578
140: 176,488,197,487,159,627
141: 468,607,581,120,595,142
142: 595,143,468,141,124,566
143: 160,595,142,532,566,179
144: 616,491,106,162,625,181,580
145: 127,126,491,580,474
146: 412,523,461,128
533: 620,305,279,280,355,629
148: 167,605,113,149,598
149: 167,148,204,169,596
599: 468,123,71,608,105,124
570: 324,237,356,578,540,236
152: 509,187,483,115,603,190
524: 9,478,7,327,32,19
154: 172,191,136,522,475,134
630: 590,530,559,517,235
548: 72,88,608,42,41,70
157: 195,193,137,489,627,176
564: 517,510,233,553,250,621
159: 487,120,160,595,140,197
160: 595,143,159,197,614,179
623: 534,47,579,584,525,62
162: 105,106,124,144,503,566,625
577: 483
604: 632,127,523,109,345
568: 602,559,220,218,590,578
494: 537,359,541,320,472,596
167: 148,605,149,472,130,596
556: 617,134,97,98,562,526
169: 204,221,149,509,205
170: 521,190,187,222,515,223
611: 83,37,615,68,52,102
172: 191,208,154,522,521
608: 548,88,70,71,599,105
591: 282,281,266
573: 609,600,263,535,231,249
176: 467,140,488,627,195,157
621: 250,574,564,553,624
509: 152,205,187,483,169
179: 614,198,160,143,532,199,602
180: 503,625,199,597,181,218
181: 597,183,580,144,180,625
531: 429,392,339,502,442
183: 597,181,580,474,453,538
526: 133,522,97,134,556,554
185: 337,336,537,373,314
628: 421,310,606,438,360
187: 152,509,205,170,190,222
559: 602,568,198,217,590,630
578: 570,568,220,540,590,236
190: 521,170,603,152,187
191: 172,210,136,208,154,572
486: 561,581,542,585,633,547
193: 195,157,137,210,136,211
489: 137,117,585,547,627,157
195: 157,193,176,467,212,211,634
633: 487,120,547,486,581
197: 140,488,159,160,614,216
198: 614,179,602,559,217
199: 532,503,180,179,602,218
590: 236,530,630,559,568,578
201: 384,220,540,538,218,597
202: 393,443,456,453,384,538
542: 100,118,102,561,486,585
204: 373,169,596,221,149
205: 509,187,169,221,388,222,555,610
553: 249,624,233,231,564,621
207: 515,223,240,242,209,257
208: 172,191,521,515,209,572
209: 242,536,572,208,207,515
210: 191,136,193,227,572,211
211: 229,212,210,195,193,227
212: 229,535,211,195,543,634
514: 477,444,431,351,28,16
598: 131,483,95,148,113
609: 600,476,573,622,229,535
216: 614,488,197,512,510,217
217: 517,510,614,198,216,559
218: 220,201,180,199,597,568
488: 176,467,140,197,216,512
220: 540,201,218,568,578
221: 373,204,169,205,388
222: 239,610,205,187,170,223
223: 207,515,240,170,222,239
541: 494,596
504: 309,361,508,308,354
534: 63,47,579,623,64,49
227: 536,572,622,210,229,211
228: 499,586,242,536,622,476
229: 535,212,211,227,622,609
585: 489,117,542,118,486,547
231: 233,543,535,573,553,249
551: 275,287,498
233: 512,543,231,564,510,553
547: 633,487,627,486,489,585
235: 517,530,630,250,251
236: 590,530,237,570,578,252
237: 324,570,236,252,365,563
238: 239,610,411,399,255
239: 222,610,238,223,240,255
240: 207,223,239,255,544,257
544: 565,257,383,240,270,255
242: 536,209,207,257,499,228
617: 475,134,556,562,117
576: 264,278,624,574,620,279
502: 431,6,368,429,531,442
497: 415,362,401,513,9,478
610: 222,239,555,238,205,388,411
587: 561,581,68,85,123,607,104
249: 553,278,624,231,263,573
250: 574,621,266,251,564,517,235
251: 250,266,235,530,282
252: 496,282,236,530,237,365
535: 229,212,543,231,609,573
569: 264,291,276
255: 270,399,239,238,240,544
589: 499,575,586,565,259,287,286
257: 565,544,258,207,240,242,499
258: 565,257,499
259: 394,330,565,383,589,286
555: 610,205,388
261: 600,263,289
522: 603,526,134,554,172,154
263: 600,573,261,278,249,289,276
264: 293,291,569,276,576,278,279
619: 379,3,422,333,4,13
266: 250,574,251,282,591,281,620,280
499: 575,586,228,589,242,565,257,258
268: 364,378,451,563,416,434
574: 250,621,266,624,576,620
270: 399,255,350,544,383,382
581: 587,561,486,141,607,633,120
594: 423,311,606,410,366,310
579: 534,63,623,62,588,79
580: 183,181,144,491,145,474
275: 600,476,586,287,498,551
276: 264,291,569,290,263,278,289,635
562: 98,99,118,617,556,117
278: 249,624,263,264,276,576
279: 620,305,533,264,293,576
280: 620,533,266,281,355,294
281: 496,282,591,266,280,344,294,390
282: 496,591,252,281,530,266,251
529: 289,498
622: 536,227,229,228,609,476
565: 544,257,383,258,499,575,589,259
286: 296,583,287,589,330,259
287: 583,286,498,586,589,275,551
537: 494,320,346,185,336
289: 300,529,635,263,261,498,276
290: 291,276,635,309,301
291: 264,293,569,276,290,301,302
575: 499,589,565
293: 264,291,305,279,302,304
294: 344,281,280
512: 233,543,634,467,488,216,510
296: 583,286,330,358,306,404
584: 32,525,19,34,558,47,623
538: 384,201,597,183,453,202
572: 536,209,227,210,191,208
300: 289,635,498,308,309
301: 302,438,291,290,309,361
302: 606,301,438,293,291,304
563: 451,365,324,237,378,268
304: 410,629,293,305,606,302
305: 533,279,293,304,629
306: 404,508,308,296,583
554: 134,526,522
308: 306,508,583,498,300,504,309
309: 504,361,300,635,290,308,301
310: 421,628,606,311,594
311: 423,594,421,310
603: 133,522,115,152,190
313: 459,424,335
314: 388,411,373,337,185,353
315: 363,391,435,419
316: 367,327,414,362,478
317: 403,360,421
318: 457,441
319: 632,128,412,456,436
320: 537,359,494,408
321: 344,390,430,340,341
322: 351,442,441,339,457
323: 413,326,375,379,333
324: 237,356,570,440,563,378
325: 448
326: 323,413,407,414,409,379
327: 367,316,478,524,19,21,558
328: 382,447
329: 452,334,332,432
330: 394,259,447,296,286,358
331: 353,337,437
332: 398,374,329,59,432
333: 422,370,323,375,379,619
334: 452,329,396,357
335: 391,387,381,313,424
336: 337,185,537,346,437
337: 185,336,314,437,331
338: 353,350,455
339: 458,531,322,442
340: 462,460,344,355,321,341
341: 321,340,462
342: 406,375,429,392,370
343: 445
344: 355,294,390,321,281,340
345: 474,453,127,632,604,456
346: 537,336
347: 366,423
348: 18,61,30,418,398,386
349: 357,110,111,452,93,433
350: 270,399,338,455,382
351: 322,442,441,431,514,444
352: 397
353: 338,331,314,411,399
354: 376,508,504,361,427,395
355: 344,533,280,629,340,460
356: 324,570,384,540,393,440
357: 349,371,452,334
358: 330,447,296,404
359: 494,320,446,129,472,408
360: 376,403,421,628,317
361: 504,309,301,438,376,354
362: 415,497,385,478,316
363: 315,380,419
364: 378,268,405,434
365: 451,563,237,496,252,390
366: 410,462,460,423,594,347
367: 2,327,316,414,409,21
368: 502,6,429,422,5,370
369: 392
370: 422,333,342,375,429,368
371: 357,110,445,466
372: 449,405
373: 204,221,185,388,314
374: 417,332,386
375: 406,342,323,333,370
376: 403,354,360,361,427
377: 
378: 364,268,405,324,440,563
379: 409,3,619,323,326,333
380: 419,618,363,461
381: 402,335
382: 328,270,350,383,394
383: 565,544,270,382,394,259
384: 540,201,538,393,202,356
385: 407,362,414
386: 398,417,448,374,348
387: 391,335,73,58,612,424,91
388: 314,411,373,221,205,555,610
389: 7,418,513,425,9
390: 344,321,496,281,451,365,430
391: 335,387,315,91,435
392: 429,531,369,342
393: 443,202,384,356,449,440
394: 330,259,447,383,382
395: 427,508,400,354
396: 334
397: 459,441,352,43,444
398: 332,386,348,30,59
399: 270,255,350,411,238,353
400: 404,395
401: 415,497,450,513
402: 381
403: 376,360,427,317
404: 306,508,296,358,400
405: 364,378,372
406: 342,375,420
407: 385,413,326,414
408: 446,359,320
409: 379,3,326,367,2,414
410: 304,629,366,460,594
411: 388,314,610,238,353,399
412: 146,319,128
413: 323,326,420,407
414: 367,316,385,407,326,409
415: 362,497,401
416: 430,451,268,439,434
417: 448,374,386
418: 7,389,448,348,18
419: 380,109,618,363,315,435
420: 413,406
421: 310,628,360,311,454,317
422: 5,333,370,619,368,13
423: 311,594,366,347
424: 58,428,459,313,335,387
425: 450,513,389
426: 59,60,471,76,433,77
427: 395,376,403,354
428: 58,424,43,459,72,42
429: 531,392,342,370,502,368
430: 416,451,390,321
431: 502,6,351,442,16,514
432: 59,332,452,329,433
433: 93,76,75,452,426,432,349
434: 364,268,416
435: 91,391,315,419,109
436: 319,443,456
437: 337,336,331
438: 301,302,361,628
439: 416
440: 449,393,324,356,378
441: 351,322,318,444,397
442: 351,322,531,339,502,431
443: 393,202,456,436,449
444: 43,514,477,351,441,397
445: 446,343,371,129,466
446: 445,129,408,359
447: 394,330,328,358
448: 325,417,418,386
449: 440,393,443,372
450: 513,425,401
451: 365,563,268,390,430,416
452: 334,329,432,357,349,433
453: 345,474,183,538,202,456
454: 421
455: 338,350
456: 443,202,345,453,319,436
457: 322,318
458: 339
459: 397,43,313,424,428
460: 340,462,355,410,629,366
461: 380,523,618,146
462: 340,460,366,341
466: 129,130,110,111,371,445
467: 176,488,195,512,634
468: 141,123,599,607,71,124,142
517: 564,510,235,217,630,250
583: 296,287,286,498,306,308
471: 60,588,426,77,506
472: 129,130,167,359,494,596
496: 282,252,281,365,390
474: 345,453,127,145,183,580
475: 617,134,137,136,154
476: 609,600,275,622,586,228
477: 43,514,444,28,42,41
478: 9,524,362,497,327,316
571: 68,85,52,53,545,69
596: 204,472,167,149,494,541
612: 73,58,89,387,616,126,91
613: 23,615,37
614: 198,179,216,160,197,217
625: 503,180,162,144,181
629: 304,410,305,533,355,460
631: 60,62,61,30
634: 512,543,195,467,212
635: 300,289,276,290,309