957: 985,910,1020,1017,961,967
992: 952,984,923,421,460
396: 452,433,357
919: 445,960
913: 399,987,437,848,314,239
912: 
1013: 910,980,763,967,721,449
360: 907,1021,354,376,797,454
966: 778
357: 371,396
618: 975
933: 809,861,985,333,581,486
408: 337,993,343,983,320,346
1015: 88,608,120,920,424,1005
805: 745,948,625,363,435
605: 349,993,343
1009: 845,922,447
985: 809,861,614,933,957,1020,961
411: 353,388,928,399,437,832
984: 992,952,728,974,797,421
860: 367,886,79,895,205,804
950: 817,995,730,185
875: 878
986: 974,309,454,942,291,361
461: 443,372,364,378,319,412
910: 1007,980,1013,1005,1020,957,967
980: 910,1013,1005,424,882,763
457: 54,988,397,853,441
417: 448,425,450,418,389
877: 373,446,1000,892,842
426: 934,334,432,332,858
932: 946,975,315
449: 384,393,1013,763,721
686: 313,428,897,459,444,1018
389: 327,417,323,401
366: 416,451,434
946: 932,878,975
371: 357,349,892
909: 422,991,1006,614,1012,999
969: 1012,900,982,999,972,973,964
929: 442,368,852,322,54
362: 323,401,413,406,415,385
934: 426,334,768,452
991: 909,861,614
393: 384,453,449,436,378
1005: 1007,910,980,1020,120,1015,424
793: 799
410: 462,341,434,340
916: 239,499,1019,987,350
902: 998,227,905,512,355,990
50: 342,375,333,379,422,409
841: 973,846,982,857,324,803
983: 445,320,408,343
995: 817,950,445,320,960,730
54: 988,457,322,853,929
999: 1012,969,979,909,1006,827,972
1001: 1003,996,712
869: 345,456,1016,384,453
982: 1012,969,1004,857,973,841
406: 413,379,415,420,362,342
803: 324,885,846,841,365,416
368: 442,929,988,431,927,994
62: 325
989: 625,381,335
960: 919,445,817,995
349: 605,371,446,993
354: 403,376,907,300,360
1003: 1001,996,712
775: 944
400: 403,395,330,427,358
435: 363,315,805
345: 869,456,948,419
979: 326,117,1006,409,827,999
895: 327,418,374,79,367,860
446: 373,877,349,848,359
347: 365,434,390,430,462
421: 974,992,984,291
951: 176,705,901,154,626,585
948: 805,745,1016,363,345
79: 374,938,895,804,398,860
1011: 804,398,774,842,921,1022,1000
626: 154,870,414,117,951,585
432: 386,426,332
425: 417,448,407
893: 914,565,330,383,499,394
997: 802,847,832,157,928
886: 935,367,860,205,976,798
361: 291,977,986,942
88: 608,1015,424,428,402,352
350: 644,811,239,916,1019,328,455
395: 400,376,358,377
359: 848,314,446,337,993
363: 794,435,805,948,419
458: 431,429,442,420,339
798: 976,935,886,154,901
911: 967,721,1017,874,356,405
915: 
420: 429,458,406,415,342
952: 992,984,341,340,923
429: 431,458,420,370,342,375
963: 128
405: 372,440,436,356,721,911
382: 773,455,328,447
491: 625,381
874: 1004,1017,857,961,356,911
440: 405,372,364,356,324,885
364: 372,440,885,451,443,461
624: 427,355,990,737,403
388: 353,411,774,373,1000,437
737: 321,439,624,355,403,300
614: 861,985,909,991,1012,1004,961
453: 384,393,869,456,380
920: 608,120,1015,918,581,162
424: 88,1015,402,980,1005,882
1010: 444,1018,397,318,351
355: 624,990,902,905,321,737
379: 413,406,342,50,326,409
117: 326,979,870,626,585,827
865: 996
994: 392,927,370,368,431
120: 920,1015,581,809,1005,1020
443: 461,364,451
454: 986,376,360,317,942
460: 992,923
990: 624,787,427,355,1008,902,227,565
409: 422,1006,379,50,326,979
433: 452,396,768,204,892
1018: 1010,444,897,686
128: 963
918: 444,392,351,162,608,920
809: 985,933,581,120,1020
404: 394,773,922,447
811: 644,350,338,314,239
437: 399,913,373,388,411,848
794: 363,419
901: 705,951,154,675,157,798
967: 721,911,957,910,1013,1017
367: 935,886,860,327,895,316
862: 973,846,668,964,344,981
944: 775
381: 491,989,625,391,335,315
668: 862,846,344,390,365
977: 291,361,423
846: 973,862,668,841,803,365
1016: 745,948,941,384,869
802: 847,1008,832,997,881,914
380: 378,319,453
827: 695,585,972,979,117,999
848: 314,359,373,446,913,437
981: 905,344,512,695,972,862,964
705: 176,951,901,157,847,998,1014
413: 406,379,362,870,385,326
412: 319,461
1014: 998,705,847
154: 626,414,935,798,951,901
456: 869,345,453
387: 882,941,402,335,625,745
157: 675,928,705,901,847,997
931: 
385: 870,414,316,323,362,413
996: 1001,1003,865
907: 300,430,1021,360,354
162: 581,486,392,370,918,920
773: 382,455,394,404,447
372: 405,440,364,436,378,461
434: 365,347,416,366,410
494: 
451: 416,366,885,364,443
1008: 802,847,227,914,565,990
356: 857,874,911,324,405,440
365: 347,434,846,668,803,416
842: 204,892,921,1011,877,1000
672: 
608: 88,920,1015,444,918,428
625: 491,989,381,335,387,805,745
712: 1001,1003
176: 705,951,695,585,998,512
383: 499,1019,893,455,394
921: 204,842,1022,962,1011
348: 332,962,329,938,1022,398
346: 336,730,320,337,408,338
431: 429,458,368,994
445: 983,320,919,960,995
370: 392,994,429,375,486,162
402: 335,352,88,424,387,882
185: 950,336,730
1000: 373,877,842,1011,774,388
391: 313,381
922: 1009,447,404
398: 804,1011,348,79,938,1022
422: 909,409,50,333,861
797: 974,1021,360,263,984,728
486: 581,162,370,375,333,933
987: 399,913,881,239,916,499
858: 962,426,768
419: 794,363,345
436: 405,372,721,393,378
414: 154,870,626,316,385,935
885: 324,803,440,364,416,451
942: 317,986,454,361
935: 367,886,154,414,316,798
861: 985,614,933,333,422,991
202: 
378: 380,319,393,372,436,461
204: 892,842,921,768,962,433
205: 804,774,886,860,353,976
847: 802,1008,997,157,705,998,227,1014
845: 1009
900: 969,973,964
353: 388,411,205,774,928,976
881: 399,987,802,832,499,914
358: 394,330,400,395,377
851: 334
403: 400,354,624,427,737,300
938: 374,79,348,329,398
988: 54,397,457,368,927
407: 425,369,401
416: 366,451,803,885,365,434
927: 392,994,351,368,988,397
695: 585,827,972,176,512,981
799: 793
444: 1010,1018,918,351,686,428,608
897: 459,1018,686
375: 342,50,333,429,370,486
923: 340,438,992,952,460
373: 877,446,1000,388,848,437
418: 327,895,450,417,374
227: 902,998,847,1008,990
442: 929,368,339,458
447: 922,1009,773,382,404
585: 695,827,626,117,176,951
972: 695,827,969,999,981,964
914: 893,565,881,802,1008,499
730: 336,346,320,995,950,185
804: 205,1011,398,774,79,860
423: 977,971
941: 387,882,763,745,1016,384
462: 341,410,263,347,430
778: 966
239: 916,314,987,913,350,811
430: 907,300,1021,439,347,462,263
369: 339,407,415
394: 358,404,383,893,330,773
928: 675,157,976,353,411,832,997
745: 805,948,1016,625,387,941
1004: 857,874,961,614,1012,982
497: 
452: 433,396,934,768
998: 902,227,1014,176,705,847,512
376: 354,395,360,317,454
993: 337,408,343,605,349,359
768: 934,858,962,452,433,204
459: 897,313,686
439: 321,737,390,300,430
721: 967,911,1013,449,405,436
961: 1004,1017,874,985,614,957
763: 882,941,980,1013,384,449
728: 984,797
390: 321,439,344,668,347
1007: 910,1005,1020
644: 350,811,338,328,331
964: 973,862,972,900,969,981
962: 332,348,858,768,204,921,1022
263: 462,341,430,1021,797
817: 995,950,960
1017: 874,961,957,967,911
882: 387,941,763,424,402,980
499: 916,383,987,881,893,914
428: 313,686,444,88,608,352
878: 946,875
448: 417,425,450
581: 486,162,120,920,809,933
781: 971
466: 
374: 79,938,450,418,895
924: 
352: 402,335,313,428,88
787: 990,565
384: 393,453,449,941,763,1016,869
415: 406,369,420,401,362
392: 927,994,351,370,918,162
386: 432,325,329
853: 441,322,54,457
1006: 909,409,979,999
351: 392,927,397,1010,444,918
565: 893,914,330,1008,787,427,990
870: 626,414,385,413,326,117
438: 340,923
832: 802,997,411,928,399,881
450: 325,417,448,374,418
401: 323,362,407,389,415
291: 361,977,974,309,986,421
399: 987,913,881,437,411,832
1012: 982,969,999,909,614,1004
857: 1004,874,356,982,841,324
512: 905,981,176,695,902,998
976: 928,798,205,886,353
675: 157,928,901
905: 344,512,981,902,355,321
455: 773,382,350,383,1019,328
300: 907,430,439,737,403,354
892: 204,842,433,371,877
774: 205,804,1011,1000,353,388
427: 624,990,565,330,403,400
971: 781,423
852: 322,929
306: 
377: 358,395
777: 
309: 974,986,291
397: 988,457,318,927,351,1010
970: 
441: 853,457
313: 686,428,459,391,352
314: 848,359,337,913,811,239
315: 932,381,435
316: 414,385,327,323,935,367
317: 376,454,942
318: 397,1010
319: 380,378,461,412
320: 983,445,408,995,346,730
321: 439,737,390,905,344,355
322: 852,853,929,54
323: 401,362,389,316,385
324: 803,885,857,356,841,440
325: 62,450,386,329
326: 979,117,413,379,870,409
327: 418,895,389,367,316
328: 331,644,350,382,455
329: 332,348,386,325,938
330: 893,565,427,394,358,400
331: 328,644
332: 348,962,329,432,426
333: 50,375,486,422,861,933
334: 934,426,851
335: 402,352,989,625,381,387
336: 346,730,338,185
337: 408,993,314,359,346,338
338: 644,811,337,336,346
339: 369,442,458
340: 438,341,410,952,923
341: 462,410,263,340,952
342: 50,375,420,429,406,379
343: 408,993,605,983
344: 905,981,862,668,321,390
973: 862,846,841,964,900,982,969
974: 309,986,797,984,291,421
975: 946,932,618
1019: 916,383,350,455
1020: 1007,910,1005,120,809,985,957
1021: 907,430,360,263,797
1022: 921,348,962,1011,398