795: 54,700,351,444,608,71
826: 771,117,626,66,772,873
396: 334,445,371,452
813: 154,772,743,884,873
744: 502,890
815: 180,345,805,625,453,869
722: 383,773,747,222,891,808
759: 705,627,856,157,789,731,512
868: 412,793
766: 293,291,276,728,340,460
618: 
596: 650,320,749,790,657,817
408: 749,343,730,320
888: 160,763,770,179,645
805: 815,180,745,625,199,106
605: 446,889,892,349,357
840: 355,344,231,564,867,814
487: 614,176,698,721,809,834
411: 399,437,832,891,239
19: 316,525,62,558,806
860: 662,65,64,558,806
21: 870,626,859,367,64,98
875: 391,91,878
23: 409,379,413,375,37
461: 436,681,319,412
25: 853,368,880,54
856: 705,759,627,585,873,176
457: 318,397,441,322
417: 448,418,450,325,374
877: 169,769,768,204,677,446,892
426: 329,348,685,433
880: 370,342,368,25,54,700
449: 372,393,767,405,538
686: 43,444,397,351,459
836: 768
638: 781
685: 748,426,348,398,858
37: 713,422,23,409,375,333
696: 79,858,833,662,95,546
558: 860,662,806,62,19,79
806: 860,558,316,19,367,859
771: 827,117,826,542,756,66,764
828: 185,346,337,790,876,336
43: 686,444,402,459,424,428
879: 95,546,804
698: 614,176,487,627,559,695
793: 799,751,868
410: 460
660: 775,400,395
872: 681,453,456,393,869
50: 713,66,409,870,626
841: 874,857,614,559,862,846
52: 587,333,370,700,71
679: 832,881,388,819,353
54: 795,700,351,25,853,880
492: 798,886,205,65,546,804
627: 759,856,176,698,512,695
869: 384,393,815,180,453,872
58: 381,315,91,335,491
406: 458,420,323,413
803: 862,846,885,668,390,365
61: 398,62,374,418,348,525
62: 398,61,19,525,79,558
790: 657,596,817,346,828
64: 860,65,21,886,98
65: 860,662,64,546,492,886
66: 756,50,626,771,826
867: 250,564,668,840,344
775: 660,708,672
400: 358,404,427,395,660
435: 453,456,315,345,419
71: 608,142,795,700,52,587
814: 600,624,231,840,355,801
677: 769,892,877
446: 359,605,892,762,877,373
645: 655,218,356,888,199,770,179
421: 293,792,438,423
792: 293,291,361,454,421
78: 95,483,804,204,774,149
79: 858,696,398,62,662,558
891: 832,808,411,239,722,773,222
626: 21,66,50,98,772,826
432: 329,334,433
425: 401,448,778
655: 356,645,179
864: 349,452,851,866,769
886: 798,492,65,64,98,154
546: 95,879,804,696,662,65,492
88: 89,428,608,142,162,882
89: 424,745,428,88,106,882
395: 427,403,400,660,317
91: 391,875,878,58,381
600: 814,624,737,275,300,801
458: 406,369,392,429,379,413
798: 492,886,205,154,675,884
95: 879,78,546,483,804,696,833
748: 685,866,855,858,833
420: 323,362,406
98: 154,772,64,626,21,886
429: 392,369,339,458
863: 502,829
405: 440,451,364,449,372
859: 21,367,806
491: 820,335,387,625,58,315,345
874: 841,857,179,160,614,721
440: 324,451,405,540,356
106: 199,770,882,89,745,805
624: 814,600,227,789,231,737
731: 789,512,759
737: 565,499,275,227,600,624
614: 698,487,721,841,874,559
453: 435,456,815,345,869,872
525: 19,327,418,707,61,62
424: 89,745,428,43,402,387
483: 95,78,833,768,204
681: 872,319,456,393,538,461
691: 809,861,486,587,120,581
117: 771,827,826,585,873
865: 712
751: 793
120: 160,763,581,809,691,721
443: 202
454: 361,360,792
460: 410,438,340,293,766
769: 768,677,864,349,892,877
409: 23,414,870,713,50,37
433: 866,855,432,426,329,851
700: 795,54,370,880,52,71
128: 474
657: 337,790,749,359,596
809: 691,861,834,120,487,721
404: 394,358,330,400,427
811: 314,338,848,399,437
437: 399,411,848,842,388,811
794: 419,456,319,380
583: 330,732,499,275,394
819: 675,353,170,679,881
708: 775,674,672
862: 803,846,841,559,250,668
540: 218,356,384,767,440
713: 50,37,409
668: 250,867,862,803,344,390
142: 608,71,587,88,581,162
846: 862,803,885,841,857,324
764: 756,771,542
802: 847,791,883,157,743,170,887
767: 540,449
827: 771,117,542,861,834,585
848: 762,169,842,314,811,437
149: 774,842,78
705: 759,856,873,157,743
413: 23,379,323,406,458,326
412: 436,461,868
688: 799,777
154: 98,813,772,798,886,884
456: 435,453,794,681,872,319
889: 605
157: 743,705,759,847,802
564: 695,250,867,512,231,840
887: 881,802,883
160: 120,763,888,721,874,179
770: 199,106,882,763,888,645
162: 763,581,142,88,882
773: 722,383,259,222,891,239,544
890: 744,502
434: 347,416,364
494: 
451: 324,440,405,364,885,416
884: 743,170,798,154,813,675
169: 762,877,848,204,842
170: 743,884,675,819,802
842: 774,149,388,204,169,848,437
672: 674,775,708
608: 142,71,795,444,428,88
625: 820,387,491,745,815,345,805
712: 865
176: 698,487,834,627,856,585
791: 787,847,802,883
674: 672,708
179: 874,857,160,888,655,356,645
180: 815,805,199,218,384,869
431: 368,339,442,852
445: 396,371
834: 809,861,827,585,176,487
402: 352,459,43,424,335,387
185: 346,828,336,331
707: 778,448,418,525,327
822: 383,499,394
559: 695,250,614,698,841,862
398: 61,62,348,685,79,858
422: 37,825,486,333,542
797: 300,801,276,263,309
486: 825,587,333,422,542,691,861
883: 787,791,802,808,881,887,747
858: 79,696,833,398,748,685
419: 794,363,435
436: 538,461,202,412
414: 367,385,326,409,870
885: 803,846,324,451,365
199: 770,106,180,805,218,645
801: 300,797,814,600,355,263
861: 809,691,834,486,827,542
202: 372,538,436,378,443
542: 771,827,422,764,486,861
204: 768,78,483,877,169,842
205: 798,492,804,774,675,353
847: 787,791,802,227,157,789
845: 447,382,259,837,358,377
796: 354
711: 682,343
881: 832,679,808,887,819,883
876: 314,338,337,828,336
851: 334,866,433,864,452
403: 427,395,354,376,360,317
747: 722,808,787,883,565
829: 502,863
407: 362
416: 347,434,451,364,365
218: 540,645,199,180,384
695: 559,250,564,627,698,512
799: 793,777,688
444: 43,686,795,351,608,428
222: 722,773,891
772: 98,154,813,626,826,873
866: 748,855,433,851,864
762: 169,848,446,373,314
418: 417,448,707,61,374,525
227: 787,847,789,565,737,624
442: 431,852,322
447: 382,845,377
585: 856,827,117,834,176
231: 789,512,564,814,624,840
743: 157,170,884,813,705,873,802
730: 749,408,343,357,359
804: 95,879,78,546,492,205,774
423: 304,438,421
682: 466,711
462: 341,366,340
778: 707,389,401,425,448
239: 544,350,399,411,891,773
430: 390,439,365,347,366
544: 239,350,455,773,259,382
394: 837,404,383,822,499,330,583
833: 858,696,748,95,483
745: 424,89,387,625,106,805
502: 744,829,890,863
497: 
452: 864,349,371,396,851
587: 52,486,142,71,691,581
662: 860,65,558,79,696,546
250: 559,695,564,668,867,862
768: 836,769,204,483,877
459: 352,402,313,43,686
439: 390,430,344,321,341
721: 614,487,809,160,120,874
873: 705,856,813,772,117,826,743
763: 160,120,581,162,888,770,882
728: 276,263,321,341,340,766
855: 748,866,433
259: 383,773,544,382,845,837
644: 336,350,455,328,331
650: 320,596,817
749: 408,730,359,320,596,657
263: 276,728,355,321,797,801
817: 650,596,790,346
789: 731,512,231,759,847,227,624
882: 770,106,89,88,763,162
499: 565,737,275,383,822,394,583
428: 424,89,88,43,444,608
878: 875,91,381
448: 417,418,425,707,778
581: 120,763,162,587,142,691
781: 638
466: 682
474: 128,850
275: 737,499,600,732,583,300
276: 263,728,797,309,291,766
787: 847,791,883,227,747,565
756: 66,764,771
415: 323,389,327,385,326
871: 
825: 486,333,422
853: 25,441,852,368,54,351
850: 380,474
808: 832,891,881,883,722,747
565: 737,499,787,227,747
870: 21,367,414,409,50
438: 460,293,421,423
832: 891,679,808,881,411
450: 417
401: 425,389,778
291: 293,792,766,276,361,309
399: 437,411,811,338,239,350
293: 792,291,766,460,438,421
857: 841,874,179,356,846,324
512: 789,731,231,759,627,695,564
732: 330,583,354,275,300
675: 819,353,798,205,170,884
538: 436,393,681,202,449
455: 544,350,644,328,382
300: 797,801,275,600,732
820: 491,625
774: 149,842,388,78,804,205,353
427: 395,403,404,330,354,400
304: 423
852: 441,853,322,442,431
306: 
837: 394,358,383,259,845
777: 799,688
309: 361,376,797,276,291
397: 318,457,441,351,686
311: 
441: 853,852,322,397,457,351
313: 318,352,459
314: 876,811,762,848,337,373
315: 58,363,491,345,435
316: 19,327,367,385,806
317: 395,403,360
318: 397,457,313
319: 681,456,794,380,461
320: 650,596,749,408
321: 355,344,439,263,728,341
322: 441,852,442,457
323: 415,362,420,406,326,413
324: 440,451,857,356,846,885
325: 417
326: 414,385,415,323,413
327: 316,525,707,389,415,385
328: 331,644,455
329: 426,386,432,433
330: 732,583,354,394,404,427
331: 328,185,644,336
332: 348,386,374
333: 825,52,486,370,375,422,37
334: 851,432,396
335: 387,491,352,402,391,58
336: 644,876,338,185,828,331
337: 657,373,876,314,828
338: 876,811,399,336,350
339: 431,429
340: 462,341,728,766,460
341: 462,366,340,321,439,728
342: 370,880,375,368,392,379
343: 408,730,711,357
344: 840,355,321,668,867,390,439
345: 815,491,625,315,435,453
346: 185,828,790,817
347: 416,434,430,366
348: 426,332,398,61,374,685
349: 864,371,357,452,769,605,892
350: 239,544,455,338,399,644
351: 795,54,441,853,397,686,444
352: 402,459,313,391,335
353: 675,819,205,774,388,679
354: 330,732,796,427,403,376
355: 840,344,321,814,801,263
356: 655,540,645,857,179,324,440
357: 349,371,343,730,605
358: 837,404,845,377,400
359: 446,749,730,657,373
360: 361,376,403,317,454
361: 309,376,360,792,291,454
362: 323,407,420,389
363: 381,315,419
364: 451,405,372,416,434
365: 390,430,803,885,416
366: 462,341,430,347
367: 414,385,316,806,870,21,859
368: 392,431,25,853,880,342
369: 458,429
370: 880,342,375,700,52,333
371: 349,357,452,396,445
372: 202,449,405,364,378
373: 337,446,359,762,314
374: 61,417,418,332,348
375: 370,342,23,379,37,333
376: 361,309,360,354,403
377: 447,845,358
378: 202,372
379: 23,413,458,392,342,375
380: 850,794,319
381: 58,363,91,878
382: 447,845,544,455,259
383: 722,773,259,822,499,837,394
384: 393,869,180,218,540
385: 367,414,326,415,316,327
386: 332,329
387: 335,491,625,402,424,745
388: 774,842,353,437,679
389: 778,401,415,362,327
390: 439,430,365,668,803,344
391: 875,91,352,335
392: 368,429,458,379,342
393: 384,869,681,872,449,538
892: 446,605,349,769,677,877