508: 306,404,395,504,308,354
511: 22,518,613,36,592,50,37
2: 409,3,367,21,22
3: 409,379,2,4,23,22
4: 422,5,379,3,23,13
5: 422,4,368,6,38,13,25
6: 502,431,5,368,16,25
7: 389,9,524,18,418,32
566: 532,503,124,162,142,143
9: 478,524,513,497,389,7
10: 21,558,367
532: 503,566,180,143,179,199
536: 242,209,228,572,227,499
13: 38,24,4,5,23,25
14: 16,54,25
605: 167,148,113,111,93,130
16: 28,14,54,25,431,6,514
487: 486,120,159,547,489,140
18: 348,61,418,7,32,525
19: 32,584,524,327,34,558
592: 65,49,36,511,50
21: 36,558,10,367,2,22
22: 23,518,511,3,2,36,21
23: 22,518,613,3,4,13,24
24: 38,13,23,613,615,545
25: 16,14,54,5,6,38,13,53
602: 559,568,199,198,179
530: 590,236,235,251,282,252
28: 16,54,514,477,40,41
543: 233,512,231,467,535,212
30: 60,552,398,348,61,426,59
586: 499,575,551,275,287,589
32: 584,525,19,7,524,18
595: 161,141,142,143,160,120,159
34: 35,558,584,19,49
35: 34,36
36: 35,21,22,511,592
37: 83,50,611,511,613,615
38: 13,53,24,5,25,545
558: 34,21,10,367,327,19
40: 69,70,86,28,54,41
41: 548,42,28,477,70,40
42: 548,56,41,72,43,477,428
43: 477,444,397,459,42,428
521: 522,190,170,172,208,515
545: 571,615,52,38,53,24
498: 583,287,300,529,306,308
47: 534,579,584,525,62
588: 60,471,62,579,506,79
49: 64,65,592,34,534
50: 66,83,37,511,65,592
515: 207,223,521,170,208,209
52: 68,571,615,545,611,102
53: 38,54,25,571,545,69
54: 28,16,14,25,53,69,40
492: 79,546,116,582,78,506,96
56: 548,42,72
510: 564,517,217,216,233,512
58: 73,428,424,89,72,387,612
59: 426,432,398,332,30
60: 471,62,588,552,30,61,426
61: 348,18,525,60,62,30
62: 60,588,61,525,47,579
63: 534,579,64,79,546,80
64: 65,49,534,63,80,82
65: 64,49,592,66,50,82
66: 83,50,65,82,99,100
513: 450,401,497,425,389,9
68: 571,52,85,587,102
69: 86,40,85,53,54,571
70: 86,40,71,548,608,41
71: 70,86,608,123,599,105
72: 548,56,88,42,58,428,89
73: 58,387,612
523: 604,618,461,146,128
75: 93,76,94,433,349
76: 94,75,426,471,77
77: 95,78,506,471,76,94
78: 77,95,506,492,131,96
79: 492,546,588,63,579,506
80: 98,97,82,63,64,546
582: 492,116,96
82: 98,80,99,64,65,66
83: 66,84,50,37,611,100
84: 83,611,100,102
85: 69,86,68,571,587,104,123
86: 69,70,40,85,71,123
546: 492,79,116,63,80,97
88: 548,608,72,89,105,106
89: 58,88,72,106,616,612
616: 612,491,89,106
91: 391,387,612,108,435,126
600: 551,261,275,609,476,573,263
93: 94,75,349,111,605,113
94: 93,76,75,77,95,113
95: 77,78,94,113,131,598
96: 133,115,78,492,116,582,131
97: 98,80,546,116,556,526
98: 80,562,97,82,99,556
99: 98,562,82,66,100,118
100: 542,118,66,83,84,99,102
597: 183,181,538,180,201,218
102: 587,561,84,611,68,52,100,542
491: 144,616,106,580
104: 123,607,85,587
105: 106,124,162,71,88,608,599
106: 105,162,88,89,144,616,491
552: 60,30,426
108: 109,127,435,145,126,91
109: 108,127,435,419,604
110: 349,111,357,371,466,445
111: 349,110,93,466,130,605
525: 32,584,18,61,62,47
113: 148,605,93,94,95,598
483: 131,577,598,115,509,152
115: 133,603,96,131,483,152
116: 492,546,582,97,133,96,526
117: 137,489,562,118,585,475,617
118: 100,542,585,562,99,117
518: 23,22,511,613
120: 486,487,159,581,141,595
503: 532,566,180,162,144,181
506: 77,78,471,588,492,79
123: 468,104,599,607,86,85,71,587
124: 105,162,468,599,142,566
607: 468,104,123,587,581,141
126: 108,145,91,612
127: 109,108,145,604,345,474
128: 146,319,523,604,345
129: 466,472,130,445,446,359
130: 129,466,472,111,167,605
131: 598,483,95,78,96,115
561: 587,102,581,542,585,486
133: 603,554,96,115,116,526
134: 475,617,556,526,154,554
606: 310,302,301,304,410,594
136: 191,475,154,137,155,193,157
137: 489,117,475,547,136,157
593: 207,242,257
540: 384,220,201,578,356,570
140: 176,488,197,487,159,547
141: 142,595,581,468,607,120
142: 141,143,595,468,124,566
143: 161,142,595,160,532,566,179
144: 491,106,162,503,181,580
145: 108,127,126,580,474
146: 319,128,412,523,461
533: 293,305,279,280,294,355
148: 167,605,113,577,598,149
149: 204,596,169,167,148,577
599: 468,123,71,608,105,124
570: 324,237,356,540,236,578
152: 560,509,187,483,603,115,190
524: 9,478,7,327,32,19
154: 134,554,172,191,601,136
155: 193,157,136
548: 56,88,608,42,41,72,70
157: 195,155,193,137,547,136,176
564: 517,510,251,233,553,250
159: 487,120,595,160,140,197
160: 161,143,595,159,197,614,198,179
161: 143,595,160
162: 105,106,124,144,503,566
577: 598,483,148,149,169,509
604: 523,109,127,345,128
568: 602,559,199,220,218,590,578
494: 537,541,359,472,596
167: 148,605,472,130,149,596
556: 617,134,526,98,562,97
169: 149,204,186,221,577,509,205
170: 521,190,187,222,223,515
611: 83,84,37,615,52,102
172: 191,601,208,154,521,522
608: 548,88,70,71,599,105
591: 496,282,266,280,281,294
573: 263,249,231,600,609
176: 467,140,488,547,195,157
560: 187,152,190
509: 205,187,152,577,483,169
179: 198,143,160,532,602,199
180: 532,503,597,181,199,218
181: 597,183,580,144,503,180
531: 429,392,339,458,502,442
183: 597,181,538,580,474,453
526: 134,556,116,97,133,554
185: 337,336,537,541,373
186: 204,221,169
187: 560,509,205,152,190,170,222
559: 602,568,198,217,590,235
578: 590,236,568,220,540,570
190: 521,522,170,603,560,187,152
191: 172,210,136,154,193
486: 487,120,585,561,581,489
193: 195,155,157,210,191,136,211
489: 137,117,585,486,487,547
195: 193,157,176,467,211,212
601: 172,554,154,522
197: 140,488,159,160,614,216
198: 614,217,216,179,160,602,559
199: 602,568,532,180,179,218
590: 236,530,235,578,559,568
201: 384,220,540,218,597,538
202: 393,443,538,453,456,384
542: 100,118,585,561,102
204: 149,186,596,221,169,541,373
205: 509,187,221,169,222,555
553: 249,233,231,564,250
207: 593,223,240,515,242,209,257
208: 172,521,515,209,572
209: 242,536,572,208,207,515
210: 191,193,572,227,211
211: 212,229,210,195,193,227
212: 211,535,229,195,467,543
514: 477,444,431,351,28,16
598: 131,577,483,95,148,113
609: 600,535,476,231,573
216: 614,198,217,488,197,512,510
217: 198,216,559,517,510,235
218: 220,201,180,597,568,199
488: 176,467,140,197,216,512
220: 540,201,218,568,578
221: 204,186,169,205,388,373,555
222: 239,555,205,187,170,223
223: 207,240,515,170,222,239
541: 537,494,204,596,185,373
504: 309,308,508,354,361
534: 63,47,579,584,64,49
227: 536,228,572,210,211,229
228: 536,227,229,476,499,275
229: 211,535,212,476,228,227
585: 542,118,561,489,117,486
231: 233,543,535,609,573,249,553
551: 600,261,275,586,287,529
233: 512,543,231,564,510,553
547: 487,137,489,157,176,140
235: 590,530,217,559,517,251
236: 590,530,578,237,570,252
237: 324,570,236,252,563,365
238: 399,255,411,239,610
239: 222,555,610,223,240,255,238
240: 207,223,239,255,544,257
544: 565,257,383,240,270,255
242: 536,209,207,593,257,258,499,575
617: 475,134,556,562,117
576: 278,249,574,264,279
502: 431,6,442,429,531,368
497: 401,362,316,513,9,478
610: 239,555,388,411,238
587: 561,102,581,68,85,104,123,607
249: 573,278,263,576,553,231
250: 574,265,266,564,251,553
251: 564,517,530,235,250,266,282
252: 496,282,236,530,237,365
535: 212,229,476,543,231,609
569: 291,276
255: 270,399,238,239,240,544
589: 583,287,575,586,286,259
257: 565,544,258,207,593,240,242,575
258: 565,257,242,575
259: 286,330,284,565,383,589
555: 222,239,610,221,205,388
261: 551,600,263,289,529,276
522: 521,190,603,554,172,601
263: 573,278,249,600,261,276
264: 291,278,576,293,279
265: 250,574
266: 250,574,280,251,282,591
499: 575,586,242,536,228,275
268: 451,563,378,434,416
574: 250,265,266,280,576,279
270: 399,255,350,544,383
581: 587,561,607,486,120,141
594: 410,366,606,310,311,423
579: 534,63,47,62,588,79
580: 183,181,144,491,145,474
275: 551,600,228,476,499,586
276: 569,261,278,263,289
562: 98,99,118,617,556,117
278: 263,576,249,264,276
279: 293,533,576,574,280,264
280: 574,266,591,533,279,294
281: 344,294,496,591,390
282: 496,591,252,251,530,266
529: 300,289,551,261,498,287
284: 330,259
565: 544,257,383,258,575,259
286: 330,259,583,589,296
287: 498,583,589,586,551,529
537: 541,494,320,185,336
289: 300,529,261,290,276,309
290: 291,289,309,302,301
291: 264,290,569,293,302,304
575: 499,586,242,565,257,258,589
293: 305,533,279,264,291,304
294: 344,281,355,280,591,533
512: 233,543,467,488,216,510
296: 583,286,330,358,306,404
584: 32,525,19,34,534,47
538: 597,183,453,384,201,202
572: 536,209,227,210,208
300: 289,529,498,309,308
301: 606,310,302,438,290,309
302: 606,301,290,291,304
563: 451,268,365,324,237,378
304: 410,291,293,305,606,302
305: 293,533,355,304,410,460
306: 404,508,498,583,296,308
554: 133,603,134,526,154,522,601
308: 504,309,498,300,306,508
309: 504,308,300,289,290,301
310: 606,301,438,594,421,311
311: 421,454,310,594
603: 133,554,115,152,522,190
313: 381,402,352,424,335
314: 388,373,411,337,331,353
315: 363,391,435,419
316: 362,497,385,478,414
317: 360,421
318: 441,352
319: 146,128,412,456,436
320: 537,359,346,336
321: 390,430,344,340,341
322: 351,441,457,339,442
323: 413,326,375,409,379,333
324: 237,356,570,440,563,378
325: 417,425,448
326: 323,413,407,414,409
327: 367,478,524,19,558
328: 382
329: 332,452,432
330: 286,284,259,394,296,358,447
331: 353,337,314
332: 398,374,329,59
333: 422,370,323,375,379
334: 452,396,357
335: 391,387,381,313,424
336: 337,185,437,320,537,346
337: 185,336,437,314,331
338: 353,399,455
339: 457,458,531,442,322
340: 462,460,344,355,321,341
341: 321,340,462
342: 406,429,392,370
343: 371,445
344: 281,294,355,390,321,340
345: 474,453,456,127,604,128
346: 320,336
347: 462
348: 18,61,418,398,386,30
349: 110,111,357,433,93,75
350: 270,399,383,382,394
351: 322,441,431,442,514,444
352: 397,459,318,313,402
353: 331,338,314,411,399
354: 376,508,395,504,361
355: 344,294,305,533,340,460
356: 324,570,384,540,393,440
357: 349,110,452,334,433,371
358: 400,447,330,296,404
359: 494,446,129,408,320
360: 403,361,438,421,317
361: 360,504,438,354
362: 401,497,316,415,385
363: 315,380,419
364: 378,434,405
365: 451,563,237,496,252
366: 410,594,460,423
367: 327,414,2,21,558,10
368: 422,5,370,502,6
369: 392,458
370: 422,368,333,342,429
371: 343,110,357,445
372: 449,405
373: 388,314,541,204,221,185
374: 417,332
375: 323,413,420,406,333
376: 427,354,403
377: 400
378: 364,324,440,405,268,563
379: 409,3,323,422,4,333
380: 419,618,461,363
381: 313,335
382: 394,350,328
383: 565,544,270,350,394,259
384: 540,201,538,393,202,356
385: 407,362,316,414
386: 398,417,448,348,418
387: 391,91,335,73,58,424
388: 314,373,411,221,555,610
389: 425,448,7,513,9,418
390: 321,451,344,281
391: 91,335,387,315,435
392: 429,531,369,342,458
393: 443,202,384,356,449
394: 382,350,383,330,447
395: 404,508,400,427,354
396: 334
397: 459,352,441,43,444
398: 386,332,348,59,30
399: 270,255,238,350,411,338,353
400: 358,377,404,395
401: 362,497,415,450,513
402: 313,352
403: 360,376
404: 306,508,395,296,358,400
405: 449,440,372,364,378
406: 342,420,375
407: 385,413,326
408: 446,359
409: 379,3,2,323,326
410: 304,366,594,305,606,460
411: 388,314,610,353,399,238
412: 146,319
413: 323,326,420,375,407
414: 367,316,385,326
415: 401,362
416: 430,451,268,434,439
417: 325,374,386
418: 348,18,448,389,7,386
419: 380,618,363,315,109,435
420: 413,375,406
421: 311,454,310,438,360,317
422: 4,5,368,333,370,379
423: 366,594
424: 58,428,459,313,335,387
425: 448,389,450,513,325
426: 59,60,471,552,30,76
427: 376,395
428: 58,424,43,459,42,72
429: 531,392,342,370,502
430: 416,321,439
431: 502,6,442,351,16,514
432: 59,433,329,452
433: 432,452,349,357,75
434: 364,268,416
435: 109,108,391,91,315,419
436: 456,319,443
437: 337,336
438: 310,301,360,361,421
439: 416,430
440: 449,405,324,356,378
441: 351,322,318,444,397
442: 502,431,531,339,351,322
443: 393,202,456,436
444: 43,514,477,351,441,397
445: 129,466,371,343,110,446
446: 129,445,408,359
447: 358,394,330
448: 425,389,325,386,418
449: 440,405,393,372
450: 513,401,425
451: 268,563,365,390,416
452: 334,329,432,433,357
453: 345,474,456,183,538,202
454: 421,311
455: 338
456: 345,453,319,443,202,436
457: 339,322
458: 339,369,531,392
459: 397,352,43,428,424
460: 340,462,305,355,410,366
461: 380,523,618,146
462: 340,460,341,347
466: 129,130,445,110,111
467: 176,488,195,212,512,543
468: 123,599,607,124,141,142
517: 564,510,251,217,235
583: 498,287,589,296,286,306
471: 60,588,426,76,77,506
472: 129,130,167,494,596
496: 282,591,252,365,281
474: 345,453,127,145,183,580
475: 617,134,137,117,136
476: 535,229,228,600,275,609
477: 43,514,444,28,42,41
478: 9,524,497,316,327
571: 68,615,52,545,53,69,85
596: 149,204,472,167,541,494
612: 616,73,58,89,91,126
613: 23,518,511,24,37,615
614: 198,216,160,197
615: 571,52,545,613,24,37,611
618: 380,419,523,461