508: 306,404,504,354,395
511: 23,22,36,592,50,37
2: 367,414,409,3,637,21
3: 409,379,2,637,22,4
4: 22,641,379,3,619
5: 422,368,6,38,13,25
6: 502,431,5,368,16,25
7: 389,9,524,18,418,32
566: 503,645,142,124,143
9: 478,524,513,497,7,389
618: 109,419,461,380,523
532: 143,645,179
536: 227,622
13: 38,24,422,5,619,641
615: 52,23,24,545,611,37,613
605: 167,148,113,111,93,130
16: 28,25,54,431,6,514
487: 633,120,159,547,627,140
18: 348,61,418,7,32,525
19: 32,584,524,327,558
592: 49,626,34,36,511,50
21: 34,637,36,558,367,2
22: 23,4,511,641,3,637
23: 22,511,641,24,37,613,615
24: 38,13,545,23,641,615
25: 16,54,5,6,38,53
602: 218,568,220,199,645,198,179
530: 236,630,235,251,282,252
28: 16,54,514,477,40,41
543: 233,512,634,212,535,231
30: 348,61
586: 499,275,228,648,640,476,287
32: 584,525,19,7,524,18
595: 160,143,141,142,120,159
34: 36,21,558,47,592,49
638: 421,628,311,310,454
36: 34,637,21,511,592
37: 83,611,50,613,23,511,615
38: 13,53,24,545,5,25
558: 34,21,367,584,19,47
40: 69,86,28,54,41,70
41: 548,42,70,28,477,40
42: 548,41,43,477,428
43: 477,444,459,42,428
521: 170,190,172,208,515
545: 38,53,24,615,52
498: 300,289,551,275,308,583,287
47: 584,34,558,534,623,49
588: 471,62,631,579
49: 64,592,626,47,34,534
50: 66,83,37,511,592,626
515: 207,223,521,170,208,209
52: 68,571,615,545,611
53: 38,545,25,54,69
54: 28,16,25,53,69,40
492: 79,546,78,506,96
627: 487,547,489,157,176,140
510: 564,517,216,217,233,512
58: 428,424,387,612,89
59: 433,432,398,60
60: 471,631,59,426
61: 348,18,30,525,62,631
62: 588,631,61,525,623,579
63: 534,579,64,79,546,80
64: 49,626,534,63,80,65
65: 98,80,99,82,64,626,66
66: 83,50,626,99,65,100
513: 450,425,401,497,389,9
68: 571,52,611,102,587,561
69: 40,86,53,54,571
70: 548,41,40,86,71,608
71: 468,123,86,70,608,599
72: 88
641: 23,22,4,619,13,24
523: 128,604,109,618,461,146
645: 199,503,566,532,143,179,602
76: 93,639,643,433,426,349
77: 95,78,506,426,471,639
78: 77,95,506,492,131,96
79: 492,546,63,579,506
80: 98,65,63,64,546,97
626: 64,592,49,66,50,65
82: 98,99,65
83: 66,611,50,37,100,102
632: 128,604,345,456,319
85: 571,587,123
86: 69,40,571,70,123,71
546: 492,79,97,63,80
88: 548,72,105,608,89,106
89: 616,612,106,88,58
616: 144,612,491,89,106,126
91: 435,126,391,387,612
600: 609,261,640,263,535,642,249,573,289
93: 76,643,111,349,605,113
634: 212,195,211,467,543
95: 77,78,639,643,113,131,598
96: 133,78,492,131,115
97: 546,98,80,526
98: 80,562,99,82,65,97,556
99: 98,562,82,65,66,100,118
100: 542,118,102,66,83,99
597: 183,181,180,218,538,201
102: 100,542,83,611,68,561
491: 144,616,126,183,181,580,474
637: 36,21,2,3,22
105: 608,124,162,599,88,106
106: 144,616,89,88,105,162
624: 553,278,249,231,574
646: 565,259,286,589
109: 419,618,435,127,523,604
110: 111,466
111: 110,349,93,466,130,605
525: 32,584,18,61,62,623
113: 148,605,93,643,95,598
483: 131,577,598,115,149,152,509
115: 131,483,133,603,96,152
635: 300,289,290,263,276
117: 137,489,585,562,118,475,617
118: 100,542,562,99,117,585
643: 93,76,639,95,113
120: 633,487,159,581,141,595
503: 199,566,645,124,162,625,180
506: 77,78,471,492,79
123: 468,607,71,571,85,86,587
124: 105,162,599,142,503,566
607: 468,141,123,587,581
126: 435,91,145,616,612,491,474
127: 435,145,109,345,474,604
128: 632,523,604,146,412,319
129: 466,130,446
130: 129,466,472,446,111,167,605
131: 598,483,115,95,78,96
561: 587,486,581,68,542,102
133: 603,526,96,522,115
134: 475,617,526,522,154
606: 302,438,304,594,628,310
136: 210,191,154,475,137,193
137: 489,117,475,136,157,193
620: 266,647,574,533,279,280
540: 384,201,220,590,356,570,578
140: 176,488,487,159,627,197
141: 468,607,142,120,595
142: 468,141,124,599,595,143,566
143: 160,595,532,142,566,645,179
144: 616,491,106,162,181,625
145: 127,126,474
146: 412,461,523,128
533: 629,305,279,280,620,355
148: 167,605,149,113,598,204
149: 148,577,598,483,204,169,509
599: 105,608,124,468,71,142
570: 324,237,356,578,540,590,236
152: 509,187,483,115,603,190
524: 9,478,327,7,32,19
154: 172,191,136,522,475,134
630: 590,236,530,568,235,559
548: 41,42,88,70,608
157: 195,193,137,489,627,176
564: 517,510,233,553,250
159: 487,120,160,595,140,197
160: 595,143,159,614,179,197
623: 534,579,584,525,47,62
162: 105,124,144,106,503,625
577: 598,483,149
604: 632,523,128,127,109,345
568: 602,220,198,559,590,630
494: 537,359,596,472,320,185
167: 148,605,472,130,596,204
556: 617,98,526
169: 221,204,373,149,509,205,388
170: 521,190,187,222,515,223
611: 83,37,68,615,52,102
172: 191,208,154,522,521
608: 105,599,548,88,70,71
591: 282,281,266
573: 600,535
176: 467,140,488,627,195,157
621: 647,553,574
509: 152,205,187,149,483,169
179: 614,198,160,532,143,645,602
180: 597,181,625,199,503,218
181: 597,183,580,625,180,144,491
531: 392,636,458,339
183: 597,181,580,491,474,453,538
526: 133,522,97,134,556
185: 336,537,494,541,596,373,337,314
628: 638,360,606,438,310
187: 152,509,205,170,190,222
559: 517,235,198,217,568,630
578: 570,540,590
190: 521,170,603,152,187
191: 172,210,136,208,154,572
486: 561,581,542,585,633,547
193: 195,157,211,137,210,136
489: 137,117,585,547,627,157
195: 157,193,211,176,467,634
633: 487,120,547,486,581
197: 614,216,159,160,140,488
198: 614,179,217,602,568,559
199: 503,645,180,602,218
590: 236,630,568,220,540,570,578
201: 384,538,540,597,218,220
202: 443,456,453,384,538,393
542: 100,118,102,561,486,585
204: 169,373,167,148,149,596
205: 509,187,169,388,222,610
553: 624,231,574,233,564,250,621,647
207: 515,223,240,242,209,257
208: 172,191,521,515,209,572
209: 242,227,572,208,207,515
210: 191,136,193,211,227,572
211: 195,193,210,227,229,634,212
212: 229,634,642,211,543,535
514: 477,444,431,351,28,16
598: 131,577,483,95,148,149,113
609: 600,640,476,642
216: 614,217,197,488,512,510
217: 614,198,216,517,510,559
218: 602,220,199,597,180,201
488: 176,467,140,216,197,512
220: 602,218,568,540,201,590
221: 169,373,388
222: 239,610,205,187,170,223
223: 207,515,240,170,222,239
541: 596,185
504: 309,361,354,308,306,508
534: 63,623,579,47,64,49
227: 536,209,572,622,210,211,229
228: 499,586,242,622,476
229: 212,642,211,227,622
585: 489,117,542,118,486,547
231: 553,624,233,543,535
551: 289,498,275
233: 512,543,564,510,553,231
547: 633,487,627,486,489,585
235: 517,559,530,630,251
236: 590,530,630,237,570,252
237: 324,570,236,252,365,563
238: 239,610,411,399,644,255
239: 222,238,610,223,240,255
240: 207,223,239,255,544,257
544: 565,257,383,240,270,255
242: 209,207,257,499,228
617: 475,134,556,562,117
576: 264,574,279
502: 431,6,636,429,368,442
497: 362,513,401,9,478
610: 222,239,238,205,411,388
587: 561,581,68,571,85,123,607
249: 624,600
250: 251,647,564,553
251: 250,266,647,235,530,282
252: 496,282,236,530,237,365
535: 600,212,642,543,231,573
642: 229,212,622,609,600,535,476
255: 270,644,239,238,240,544
589: 287,286,646,648
257: 565,544,207,240,242,499
639: 76,643,426,77,95
259: 394,330,565,383,646,286
644: 270,255,350,238,399
261: 600,263,289
522: 133,603,526,134,172,154
263: 600,261,278,289,635,276
264: 293,291,576,276,278,279
619: 422,333,379,4,641,13
266: 620,251,647,282,591,281,280
499: 586,228,648,242,565,257
268: 364,378,451,563,416,434
574: 553,278,624,620,621,647,576
270: 644,255,350,544,383,382
581: 587,561,486,607,633,120
594: 410,366,606,423,310
579: 534,63,623,62,588,79
580: 183,181,491
275: 586,640,287,289,551,498
276: 264,291,263,278,290,635
562: 98,99,118,617,117
278: 624,574,263,264,276
279: 305,533,620,264,293,576
280: 533,620,266,281,344,355,294
281: 496,282,591,266,280,344,294
282: 496,591,252,281,530,266,251
636: 392,531,429,339,502,442
622: 536,227,229,642,228,476
565: 544,257,383,646,499,259
286: 583,287,589,646,330,259,296
287: 583,286,589,275,586,648,498
537: 494,320,346,336,185
289: 300,635,551,498,275,600,261,640,263
290: 300,635,291,276,309,301
291: 264,293,276,290,301,302
647: 250,620,621,266,251,553,574
293: 264,291,305,279,302,304
294: 344,281,280
512: 233,543,467,488,216,510
296: 306,404,330,583,286,358
584: 32,525,19,47,558,623
538: 384,201,597,183,453,202
572: 209,227,210,191,208
300: 289,290,635,498,308,309
301: 302,438,290,291,309,361
302: 606,301,438,293,291,304
563: 451,365,324,237,378,268
304: 410,293,305,606,302
305: 629,533,279,293,304,410,460
306: 404,508,296,308,583,504
640: 609,600,476,275,586,289
308: 583,300,498,306,504,309
309: 504,361,308,300,290,301
310: 423,311,606,594,638,628
311: 423,310,638,454
603: 133,522,115,152,190
313: 397,459,352,402
314: 337,411,353,388,373,185
315: 363,391,381,419
316: 367,414,362,385,478,327
317: 403,421
318: 352,457,322,441
319: 436,632,128,412
320: 408,537,359,494,346
321: 344,430,390,340,341
322: 351,442,441,339,457,318
323: 413,409,379,333
324: 237,356,570,440,563,378
325: 417,425,448
326: 385,407,413,414,409
327: 478,524,367,316,19
328: 382,394,447
329: 334,332,432
330: 394,259,286,358,447,296
331: 338,353,437
332: 398,374,329,432
333: 422,370,619,323,375,379
334: 452,329,396,432,357
335: 391,381,387,402,424
336: 185,537,337,437
337: 314,353,336,185,437
338: 331,399,350,455
339: 457,531,636,322,442
340: 462,460,355,321,341
341: 321,340
342: 375,406,392,369,429,370
343: 445,446
344: 355,294,321,496,281,280,390
345: 474,453,127,632,604,456
346: 320,537
347: 366,423
348: 18,61,30,418,398,386
349: 357,111,452,93,76
350: 270,644,338,399,382,455
351: 322,442,441,431,514,444
352: 318,397,313
353: 337,314,411,331,399
354: 504,361,508,427,376
355: 344,533,280,340,460
356: 324,570,384,540,440,393
357: 349,452,334,371
358: 377,447,330,404,296
359: 494,472,446,408,320
360: 421,628,438,376
361: 504,309,354,301,438,376
362: 415,497,385,478,316
363: 315,380
364: 378,268,405,434
365: 451,563,237,496,252,390
366: 410,594,462,423,347
367: 2,316,414,327,21,558
368: 422,370,5,429,502,6
369: 392,342,406
370: 422,333,368,375,342,429
371: 357,445,466
372: 436
373: 221,204,169,596,185,314,388
374: 398,332,386,417
375: 342,406,420,370,333
376: 403,361,354,427,360
377: 358,400
378: 364,268,324,440,405,563
379: 409,3,323,333,619,4
380: 461,363,618
381: 391,335,315
382: 328,270,350,383,394
383: 565,544,270,382,394,259
384: 538,540,201,202,356,393
385: 407,326,362,316,414
386: 398,374,417,448,348,418
387: 391,335,58,424,612,91
388: 314,411,221,169,373,205,610
389: 7,448,513,425,9
390: 430,496,451,365,344,321
391: 381,335,387,315,91
392: 531,636,369,429,342
393: 449,440,384,202,443,356
394: 330,259,383,382,328,447
395: 427,508
396: 334
397: 459,313,441,352
398: 332,386,374,348,59
399: 338,411,353,238,644,350
400: 377,404
401: 450,513,497
402: 313,335
403: 376,427,317
404: 306,508,296,358,400
405: 440,364,378
406: 375,342,369
407: 385,326,413
408: 320,359
409: 379,3,326,323,2,414
410: 304,594,366,305,460
411: 314,353,388,238,610,399
412: 146,128,319
413: 323,420,407,326
414: 367,2,316,385,326,409
415: 362
416: 439,434,451,268,430
417: 325,448,386,374
418: 348,18,7,448,386
419: 109,618,315,435
420: 413,375
421: 638,360,317,454
422: 370,333,5,619,368,13
423: 311,310,594,366,347
424: 428,58,459,335,387
425: 450,513,325,389
426: 433,60,471,76,639,77
427: 395,354,376,403
428: 58,424,43,459,42
429: 392,636,342,370,368,502
430: 390,451,321,439,416
431: 502,6,351,442,16,514
432: 433,59,332,452,334,329
433: 59,432,426,452,76
434: 416,364,268
435: 91,127,126,109,419
436: 319,372,443,456
437: 336,337,331
438: 606,301,302,361,628,360
439: 416,430
440: 449,393,405,324,356,378
441: 351,322,318,444,397
442: 351,322,636,339,502,431
443: 202,456,436,449,393
444: 43,514,477,351,441
445: 343,371,466,446
446: 129,466,130,445,343,359
447: 358,328,394,330
448: 389,325,417,386,418
449: 440,393,443
450: 513,425,401
451: 365,563,268,430,390,416
452: 334,433,432,357,349
453: 345,183,538,202,456
454: 421,638,311
455: 338,350
456: 202,443,345,453,632,436
457: 339,322,318
458: 531
459: 397,313,43,428,424
460: 462,340,629,305,355,410
461: 380,618,523,146
462: 340,460,366
466: 129,130,446,371,110,111,445
467: 176,488,195,634,512
468: 141,123,607,71,142,599
517: 564,510,235,559,217
583: 308,287,286,498,306,296
471: 60,588,631,426,77,506
472: 130,167,359,494,596
496: 282,252,281,365,344,390
474: 345,491,127,145,126,183
475: 617,134,137,117,136,154
476: 609,640,622,642,586,228
477: 43,514,444,28,41,42
478: 9,524,327,362,497,316
571: 68,52,85,69,86,587,123
596: 494,541,472,167,204,373,185
612: 616,89,58,387,91,126
613: 37,23,615
614: 198,179,216,217,197,160
625: 181,180,162,144,503
629: 305,533,460
631: 60,471,62,588,61
648: 499,586,287,589