957: 381,1086,459,402
857: 416,1129,1133,803
396: 877,433,371,408
343: 1068,357
913: 1057,499,338,382,331
377: 395,317,404,328,447
1184: 1188,944
360: 430,454,361,390,317
1126: 1021,1147
357: 336,343,1068,346,445,320
1113: 1148
324: 1012,982,1131,1158,416,443
408: 1068,396,371,446,1024
1037: 999,982,1096,440,319,1012
300: 1173,410,430,454,423,354
315: 381,449,384
329: 1181,332
323: 414,399,385,316,1135,359
411: 928,414,399,1168,1115,998
313: 352,370,318,391
1148: 1159,1183,1113
441: 322,392,368
1170: 1066,442,326,981
1124: 777
461: 345,319,372,721,440,436
1192: 239,1169
1060: 449,333,384,614,1099,393
457: 425,386,413,442,458
417: 418,327,389,448
877: 433,396,1180
426: 804,1185,205,1167,334
1073: 1100,1125,334,1166,1152
449: 1060,333,384,381,1086,315
1175: 318,1195,1116,1186
389: 798,1177,353,327,417,316
366: 1174,1158,410,434,340,354
336: 357,314
371: 446,1136,1146,349,396,408
909: 1046,405,614,422,50,342
1088: 1112,1091,1186
332: 418,1181,329,374,450
362: 972,827,401,415,1187,379
1125: 1073,1100,334,1179,1000
1021: 1126,1171,1147,1085
393: 1099,721,1060,384,1102,453
1106: 1189,1191,804,1185,1094,367
1186: 1116,1052,1088,1175
410: 300,1173,462,434,354,366
1085: 974,1021,1147
318: 1175,1195,428,352,313
50: 422,429,431,342,909
841: 1093,451,1131,1174,1133,365
1094: 367,432,804,1051,1106
314: 338,336,320,1057
1166: 1073
999: 982,434,1037,1096,347,462
1176: 1194
341: 421,460
982: 999,434,1037,324,1012,1158
406: 415,420,342,1046,379,409
803: 857,1129
368: 369,441,429,420
1194: 1188,1157,1176
1145: 608,1120,1091
1074: 1179,1000,1163,1191,1058,1162
349: 1146,373,842,433,371
354: 340,263,300,410,366
1181: 367,329,1110,418,332
775: 944,1117
400: 330,1161,355,358,905
435: 363,387
345: 319,461,412,436,378,380
1115: 403,998,321,1168,411
1193: 1022,1140,348,1164
446: 371,1024,1136,1177,408,437
347: 409,1096,1077,379,462,999
421: 423,361,341
1159: 1148,1183,941
1152: 1160,1167,1073,334
1134: 407,1070,425,1149,1172,413
321: 403,1115,1168,1128,1066,439,981
1048: 1190
432: 1094,1156,1051
425: 457,386,325,407,1134,413
893: 1188
328: 394,358,377,447,455
326: 1170,442,339,344,981,827,401
361: 360,454,317,447,421
88: 608,1182
350: 383,1123,239
395: 377,403,439,376,404
359: 1135,346,323,399,445,337
363: 435,387,456,419
458: 339,457,322,442
798: 389,1177,316,1135,437
1188: 893,1171,1184,1194,1157
905: 404,355,403,998,400
420: 415,406,342,429,369,368
1051: 1178,804,1094,432
429: 392,50,368,420,342
1191: 1189,1106,1185,1074,1179,1162
405: 909,1046,356,614,1099,372
382: 913,499,1123
1140: 1193,348
1099: 372,721,393,614,1060,405
440: 1096,356,372,319,461,1037
364: 443,1129
1180: 877
388: 1154,1162,353,327,1189,1110
1058: 1146,373,1074,1163,1154,1162
614: 422,1060,333,909,405,1099
453: 1102,387,384,335,393
344: 439,981,376,326,390,827
424: 391,402,370,431,375
974: 1085
355: 928,998,427,400,905
379: 1077,1187,415,406,362,409,347
1187: 1077,379,972,362,430,1173
865: 
1167: 205,1160,1152,334,426
330: 1161,427,400,499,1123
443: 416,324,364
454: 430,360,361,300,423
460: 438,263,341
1174: 1131,1158,366,340,451,841
409: 1096,347,406,1046,356,379
433: 877,396,842,349
319: 345,461,440,1037,378,1012
128: 1190
339: 369,458,442,326,401
1057: 913,881,499,1090,320,314,427
404: 358,905,403,377,395
811: 1169,331,1155
437: 1135,346,446,1024,798,1177,1068
317: 377,376,360,361,447
340: 263,354,1174,366,438,451
427: 330,1090,355,1057,881,499
367: 1094,1181,1156,1189,1106,1110
1053: 1075
944: 775,1184
381: 957,1086,449,315
1135: 359,346,437,798,316,323
1075: 1122,1053
1102: 387,453,456,721,393,436
1120: 1112,1091,1145
1144: 
380: 345,412,378
827: 390,972,401,362,326,344
777: 1124
981: 439,344,1066,1170,442,326,321
1162: 1154,388,1074,1189,1191,1058
413: 1066,442,1134,425,457,1172
412: 419,436,456,345,380
1149: 1168,1172,1134,1070,414,385
335: 387,453
456: 1102,387,363,412,419,436
387: 1102,453,456,335,435,363
320: 1090,445,357,314,1057
1070: 407,1134,450,448,385,1149
385: 414,323,448,316,1070,1149
333: 1060,449,1086,375,614,422
1150: 
971: 
1090: 445,320,337,1057,427
372: 1099,721,405,356,440,461
434: 999,982,410,462,1158,366
334: 1073,1125,1152,1167,426,1185
451: 1093,841,340,1174
1117: 775
356: 1046,405,372,409,1096,440
365: 1133,1093,841
842: 452,398,373,349,433
1022: 1193,1164,921,452
608: 1145,88
1157: 394,455,1171,1188,1194
1110: 418,1189,1181,367,388,327
1164: 348,1142,1022,1193,398
383: 1123,350,1161,394
921: 1022,452
348: 1164,1142,1140,1100,1193
346: 1135,359,437,1068,357,445
431: 392,370,424,422,50
445: 1090,320,359,346,357,337
370: 313,424,392,431
402: 424,391,957,1086,375
337: 928,359,399,1090,445
1000: 1074,1179,1163,1100,1125,1142
391: 424,402,428,313
1154: 1162,388,353,1146,1058,1136
398: 452,842,1164,1142,1163,373
422: 375,614,50,431,333,909
1096: 409,440,347,356,999,1037
486: 351,1116,1195,352
1046: 909,405,356,406,342,409
397: 351,444,322
419: 412,456,363
436: 412,721,1102,456,345,461
414: 323,399,385,1168,1149,411
1077: 1187,379,347,1173,462
1086: 381,957,402,375,449,333
1183: 1148,1159
1133: 365,1131,416,857,841
1112: 1120,1091,1088
378: 1012,345,319,380
1079: 
205: 1167,426
1091: 1120,1112,1088,1145
1038: 
1158: 1131,1174,366,982,434,324
353: 1154,388,327,1136,389,1177
881: 1057,499,427
358: 404,1161,400,394,328
327: 388,353,1110,418,417,389
403: 1115,998,321,439,404,905,395
1185: 804,426,334,1179,1191,1106
1163: 1074,1000,1142,398,1058,373
407: 1134,1070,450,325,425
416: 857,443,324,1131,1133
1128: 1168,1172,1066,321
1068: 408,343,346,437,357
1116: 1186,1175,1195,486
444: 325,397,386
338: 314,913,331
375: 422,424,402,1086,333
1100: 1073,1125,348,1142,1000
373: 1146,1058,349,1163,842,398
418: 1110,332,417,1181,327
1171: 1188,1157,1021
442: 413,1066,1170,326,457,339,458,981
447: 455,377,317,361,328
322: 441,397,386,458
972: 390,827,362,1187,430
316: 448,389,798,1135,323,385
730: 
804: 426,1185,1178,1051,1106,1094
423: 421,454,300,263
941: 1159
462: 1173,410,1077,347,999,434
1066: 413,1170,442,1128,1172,321,981
239: 1192,350
430: 360,454,972,1187,300,1173
369: 339,368,415,420,401
394: 328,1157,358,383
928: 337,355,411,399,998
1093: 451,841,365
1168: 1128,1149,1172,414,411,1115,321
1136: 371,446,1146,1154,353,1177
452: 842,398,1022,921
998: 403,1115,928,355,411,905
376: 439,344,390,395,317
1146: 1058,373,349,1154,371,1136
1169: 811,1155,1192
459: 957
439: 344,981,376,403,321,395
721: 1099,372,393,1102,461,436
455: 447,328,1157
1160: 1152,1167
1142: 348,1164,1100,1000,1163,398
390: 972,827,344,376,360
1131: 1174,1158,324,416,841,1133
1147: 1021,1126,1085
1122: 1075
1177: 389,798,353,446,1136,437
263: 340,354,423,460
1189: 1191,1106,367,1162,388,1110
325: 444,374,407,425,386
342: 406,420,429,50,909,1046
499: 913,1057,881,330,427,382
428: 318,391
1129: 364,857,803
448: 316,417,1070,450,385
1172: 1168,1128,1149,1134,413,1066
1173: 300,410,462,1077,1187,430
1156: 367,432
374: 332,325,450
924: 
352: 313,318,1195,486,351
1024: 446,408,437
384: 1060,449,315,393,453
415: 406,420,369,401,362,379
392: 429,431,370,441
386: 425,457,444,325,322
1155: 811,1169
1161: 330,400,358,383,1123
351: 486,397,352
1182: 88
1052: 1186
438: 460,340
1123: 383,350,330,1161,382
450: 407,1070,332,374,448
401: 827,362,326,339,369,415
331: 338,913,811
399: 414,323,359,928,337,411
1012: 324,378,319,982,1037
1178: 1051,804
1179: 1074,1000,1125,1185,1191
1190: 1048,128
1195: 318,1175,1116,486,352