957: 911,961,985,910,967,721
992: 952,984,460,923,421
396: 343,371,357
919: 445,960
913: 848,314,399,239,437,811
912: 
958: 773
360: 317,454,376,354,986
966: 778
357: 605,349,371,396,343
618: 975,931
933: 861,947,333,581,486,422
408: 337,993,320,983,346
888: 449,967,763
805: 363,948,491,625,745
605: 357,349,896,446,993,359
840: 905,512,981
487: 961,874,991,861,614
411: 353,388,928,399,437,832
19: 79,938,374,418,895
860: 367,886,79,895,804,205
950: 817,995,185,730
875: 878
23: 406,379,50
461: 372,378,319,443,412
910: 120,980,1002,809,985,957,967
980: 120,910,763,424,882,967
457: 397,318,853,441,988
417: 374,450,425,418,389
877: 373,446,1000,204,892,349
426: 934,432,332,858
932: 946,381,975,315
449: 888,967,721,436,763,384,405
686: 897,444,459,352,428
389: 327,418,417,425,323,401
366: 443,451,410
946: 932,878,975
371: 433,452,396,357,349
909: 422,991,979,409,999,969
969: 614,900,909,991,999,972
929: 431,368,852,322,442,54
362: 385,323,401,415,413,406
934: 426,858,433,452,768
991: 909,422,861,614,969,487
393: 453,869,384,436,380
698: 695,972,964
793: 799
410: 945,434,451,366
916: 455,383,499,987,239,350
902: 227,998,905,512,990,355
50: 333,375,23,379,409,422
841: 973,846,982,857,324,803
52: 162,918,392
995: 817,960,950,320,730
54: 988,322,853,929,368
978: 773,382
1001: 996,1003,712
869: 453,393,384,941,948,345
945: 410,438
406: 413,23,379,420,415,362
803: 324,885,846,841,365,416
368: 431,929,54,429,994
62: 325,450
989: 491,381,625,391,335
960: 817,995,919
349: 605,357,371,892,877,446
354: 907,797,300,376,403,360
867: 905,981,862
775: 944,672
400: 376,395,427,358,330
435: 491,315,363
345: 456,419,363,948,869
979: 326,117,409,909,999
895: 327,418,19,79,860,367
446: 373,877,605,349,848,359
347: 365,390,416,434,430,462
421: 423,291,992,460
951: 176,705,901,154,626,585
948: 805,363,745,941,869,345
79: 19,938,398,895,804,860
891: 987,881
626: 154,414,870,117,951,585
432: 386,426,332
425: 407,448,417,389,401
893: 914,565,383,499,330
997: 675,928,157,802,847
886: 860,367,935,205,798,976
361: 942,309,291,977
88: 608,428,920,402,424,120,1002
350: 644,328,811,239,455,916
395: 376,400,358,377,317
359: 848,314,605,446,337,993
363: 805,948,435,419,345
458: 420,339,431,342
798: 675,976,886,935,154,901
911: 961,857,874,957,356,721
915: 996,497
420: 369,458,415,406,379
952: 992,984,728,341,340,923
429: 342,431,368,994
963: 128
405: 372,356,449,721,436,440
382: 331,328,978,447
491: 989,625,315,805,435
874: 911,961,857,487,614,982
440: 324,885,356,372,405,364
364: 443,885,440,372,451
624: 737,427,990,787,565
388: 353,411,774,842,373,1000,437
737: 624,427,990,355,321,403,300
614: 900,982,969,991,874,487
453: 393,869,456,380
920: 88,608,581,162,809,1002
424: 402,387,88,120,980,882
930: 695,827,585,176
355: 344,321,902,905,737,990
379: 406,23,420,50,375
117: 326,979,626,870,999,827,585
865: 996
994: 700,927,392,368,429
120: 910,980,1002,88,424
443: 366,364,461
454: 317,360,986,942
460: 923,992,421
990: 624,737,902,227,787,355
409: 326,979,50,909,422
433: 371,452,934,892,768
700: 927,918,994,392,351
128: 963
918: 700,392,444,351,162,52,608
809: 985,947,581,920,910,1002
404: 773,394,358
811: 644,338,350,314,913,239
437: 399,373,388,411,848,913
794: 419
901: 705,951,157,154,675,884,798
967: 888,449,721,910,980,763,957
367: 860,886,935,327,895,316
862: 973,846,668,964,905,981,867
944: 775
381: 989,391,932,315
668: 862,846,344,365,390
977: 423,291,293,361
846: 973,862,668,841,803,365
896: 605,343,993
802: 883,881,832,997,847,914
380: 378,319,453,393
827: 695,999,930,972,585,117
848: 314,359,913,373,446,437
981: 905,840,512,867,695,964,862
705: 176,951,901,157,847,789,998
413: 406,385,362,870,326
412: 202,461,319
688: 
154: 626,414,935,798,951,901
456: 419,345,453
387: 402,335,424,625,745,882
157: 705,901,675,884,997,847
931: 618
385: 362,323,413,316,414,870
996: 1001,915,1003,865
907: 797,354,300,439,263
162: 581,486,52,918,608,920
773: 958,978,404,455,394
372: 461,405,436,440,378,364
434: 416,451,347,462,410
494: 
451: 416,434,885,366,364,410
884: 675,901,157
356: 911,857,721,324,440,405
365: 390,347,846,668,803,416
842: 921,774,204,1000,388
672: 775
608: 88,428,920,918,444,162
625: 491,989,335,387,745,805
712: 1001,1003
176: 705,951,695,930,585,998,512
383: 455,916,499,893,394
921: 804,774,842,398,204,962
348: 332,858,329,938,398,962
346: 336,730,337,408,338
431: 929,368,442,458,429
445: 983,919
370: 333,375,342,392,486
402: 335,387,424,352,88,428
185: 336,730,950
1000: 373,877,204,842,388
391: 313,352,335,989,381
922: 845
398: 79,938,348,962,921,804
422: 909,991,333,50,409,861,933
797: 907,354,728,263,974
486: 581,162,333,370,933
883: 802,847,787,914
858: 332,348,934,426,768,962
419: 456,345,363,794
436: 449,393,372,405,378
414: 154,316,626,870,385,935
885: 324,803,440,416,451,364
942: 361,454,309,986
935: 367,886,154,316,414,798
861: 985,947,933,422,991,961,487
202: 412
378: 380,319,436,461,372
204: 892,768,962,921,842,877,1000
205: 804,774,860,886,353,976
847: 227,789,787,997,705,157,802,883
845: 922
900: 614,982,969,964,972,973
353: 388,411,774,205,976,928
881: 802,832,891,987,499,914
358: 394,330,404,395,400,377
851: 334
403: 376,737,427,354,300
938: 19,79,398,325,348,329
988: 54,397,457,927
407: 425,369,415,401
416: 434,451,803,885,365,347
927: 700,994,988,397,351
695: 698,930,827,972,585,176,964,512,981
799: 793
444: 897,686,351,918,608,428
897: 686,444,351,397,318,459
375: 333,50,370,342,379
923: 460,340,992,952
373: 877,446,1000,388,848,437
418: 327,895,389,417,374,19
227: 902,847,789,998,787,990
442: 339,852,431,929
447: 382
585: 695,930,827,626,117,176,951
972: 695,698,999,827,900,969,964
914: 893,565,802,883,881,787,499
730: 185,346,320,950,995
804: 921,774,205,79,398,860
423: 421,977,971
941: 745,882,763,948,869,384
462: 340,347,434,341,430
778: 966
239: 399,987,913,811,350,916
430: 263,341,439,347,462
369: 420,415,339,407
394: 358,330,383,773,404
928: 675,997,353,411,832
745: 882,941,387,625,805,948
502: 
497: 915
452: 371,433,934
947: 809,861,985,933
376: 403,395,400,354,317,360
993: 337,408,605,896,983,359
768: 204,892,962,934,858,433
459: 313,897,686
439: 321,390,907,300,263,430
721: 449,967,911,957,356,405
961: 911,874,487,957,861,985
763: 980,882,941,888,449,967,384
728: 263,341,797,974,952,984
390: 365,347,668,344,439
259: 
644: 338,328,811,350,336,331
964: 900,695,698,972,981,973,862
962: 204,768,348,858,398,921
263: 728,341,430,439,907,797
817: 960,950,995
789: 847,227,998,705
882: 745,941,387,424,980,763
499: 916,383,987,881,893,914
428: 88,608,686,444,352,402
878: 946,875
448: 425
581: 486,162,920,809,933,1002
781: 971,970
466: 
374: 417,325,450,19,418
924: 
352: 313,686,391,428,402,335
787: 847,227,883,914,565,624,990
384: 393,869,763,941,449
415: 420,369,407,362,401,406
392: 700,918,994,370,52
386: 432,332,329
853: 322,441,54,457
937: 
351: 897,444,397,700,927,918
565: 893,914,787,624,427,330
870: 626,414,385,413,326,117
438: 945,340
832: 802,881,411,928,399
450: 62,325,417,374
401: 362,323,407,425,415,389
291: 421,977,309,984,361
399: 987,239,437,411,913,832
293: 977
857: 911,874,356,982,841,324
512: 905,840,981,176,695,902,998
976: 675,798,205,886,353
675: 884,798,976,928,997,901,157
905: 840,512,981,867,902,862,355,344
455: 916,383,328,350,773
300: 907,354,737,321,439,403
892: 204,768,433,349,877
774: 921,804,205,842,353,388
427: 624,737,565,403,400
971: 781,970,423
852: 322,442,929
306: 
377: 358,395
777: 
309: 974,986,984,361,942,291
397: 318,457,988,927,897,351
970: 781,971
441: 853,457
313: 459,352,391
314: 848,359,913,337,338,811
315: 932,491,381,435
316: 414,327,385,323,367,935
317: 454,360,376,395
318: 397,457,897
319: 380,378,461,412
320: 983,408,995,730
321: 355,344,439,737,300
322: 852,853,929,54
323: 385,362,401,327,389,316
324: 803,885,440,857,356,841
325: 62,450,374,329,938
326: 979,117,409,413,870
327: 418,895,389,323,367,316
328: 644,350,455,382,331
329: 332,348,386,325,938
330: 394,358,893,565,400
331: 382,336,644,328
332: 348,858,329,386,432,426
333: 50,375,370,486,422,933
334: 851
335: 402,387,352,391,989,625
336: 185,346,644,338,331
337: 408,993,314,359,346,338
338: 644,811,337,314,346,336
339: 442,369,458
340: 462,341,952,438,923
341: 728,263,430,462,340,952
342: 429,458,375,370
343: 396,357,896,983
344: 355,321,905,668,390
973: 862,846,841,900,982,964
974: 309,986,797,728,984
975: 946,932,618
982: 614,900,857,874,973,841
983: 320,445,343,408,993
984: 992,952,728,974,309,291
985: 809,861,947,910,961,957
986: 974,309,454,360,942
987: 399,891,239,881,916,499
998: 902,227,789,176,705,512
999: 827,972,979,117,909,969
1002: 120,910,581,88,920,809
1003: 1001,996,712